-19.99999918367347	-3.949393196457434e-9
-19.987731283678343	-4.041508090389949e-9
-19.97546338368322	-4.133884391375152e-9
-19.950927583692973	-4.3196897628978645e-9
-19.90185598371248	-4.699536396753773e-9
-19.803712783751486	-5.513319909172896e-9
-19.791444883756363	-5.618986115697548e-9
-19.77917698376124	-5.725066359787284e-9
-19.754641183770993	-5.938232764670856e-9
-19.705569583790496	-6.370069167570443e-9
-19.607426383829505	-7.284554873914807e-9
-19.595158483834382	-7.404234984463229e-9
-19.58289058383926	-7.524710429296193e-9
-19.558354783849012	-7.767436163881591e-9
-19.509283183868515	-8.258110302463047e-9
-19.411139983907525	-9.281434989983576e-9
-19.214853583985544	-1.1522401876812999e-8
-19.20155377460094	-1.1683603795271773e-8
-19.188253965216333	-1.184658895641926e-8
-19.161654346447122	-1.2177475755634909e-8
-19.1084551089087	-1.2853477842733434e-8
-19.002056633831852	-1.4246442106742585e-8
-18.78925968367816	-1.7296793288672577e-8
-18.775959874293555	-1.749786772301063e-8
-18.76266006490895	-1.7700888283768423e-8
-18.73606044613974	-1.8112839574664814e-8
-18.682861208601313	-1.8956745803091687e-8
-18.576462733524465	-2.069405176624399e-8
-18.363665783370774	-2.4457535417049536e-8
-18.351247329824716	-2.4687340130502555e-8
-18.33882887627866	-2.4918777316107824e-8
-18.313991969186546	-2.538704837453873e-8
-18.264318155002314	-2.634525614027619e-8
-18.16497052663385	-2.8319503960188425e-8
-17.966275269896926	-3.252714230708893e-8
-17.953856816350868	-3.280074576143474e-8
-17.94143836280481	-3.307534923984584e-8
-17.916601455712694	-3.3628246846016674e-8
-17.866927641528463	-3.475390621121566e-8
-17.76758001316	-3.708874889352858e-8
-17.568884756423078	-4.200996936258583e-8
-17.556709903639558	-4.232455983203733e-8
-17.54453505085604	-4.264005057342483e-8
-17.520185345289	-4.327348676831461e-8
-17.47148593415492	-4.4551862575211224e-8
-17.374087111886762	-4.7185309308243883e-8
-17.179289467350447	-5.270639113000297e-8
-16.789694178277816	-6.474523211574129e-8
-16.776487416104814	-6.51736475165525e-8
-16.763280653931815	-6.560395422045007e-8
-16.73686712958581	-6.64705439579194e-8
-16.6840400808938	-6.822484035357013e-8
-16.57838598350979	-7.177699348336758e-8
-16.367077788741764	-7.910435817319594e-8
-15.94446139920571	-9.436391323987142e-8
-15.932135992871256	-9.48138254705022e-8
-15.919810586536803	-9.526357872203331e-8
-15.895159773867896	-9.616335500089296e-8
-15.845858148530082	-9.79681859193008e-8
-15.747254897854454	-1.0158575861820977e-7
-15.550048396503195	-1.0872340082477682e-7
-15.537722990168742	-1.091647784112477e-7
-15.525397583834287	-1.0960466524580648e-7
-15.500746771165382	-1.1047976065308728e-7
-15.451445145827567	-1.1221356445565887e-7
-15.352841895151936	-1.1564084818180731e-7
-15.15563539380068	-1.221748923311029e-7
-15.142278078076744	-1.226010978422908e-7
-15.12892076235281	-1.2302473574915212e-7
-15.102206130904937	-1.238628945881518e-7
-15.048776868009195	-1.254957759072692e-7
-14.941918342217711	-1.2859694525893676e-7
-14.928561026493776	-1.2897088355639423e-7
-14.915203710769841	-1.2934127284499708e-7
-14.88848907932197	-1.3006993643882917e-7
-14.835059816426227	-1.3147007053254527e-7
-14.728201290634741	-1.3403730117564542e-7
-14.714843974910806	-1.343382455898232e-7
-14.70148665918687	-1.3463441276650918e-7
-14.674772027739	-1.352109678161447e-7
-14.621342764843256	-1.3629084069285145e-7
-14.60798544911932	-1.3654418688693187e-7
-14.594628133395386	-1.3679081426774885e-7
-14.567913501947514	-1.3726448511331031e-7
-14.514484239051772	-1.3813812858923236e-7
-14.501126923327837	-1.3834150867290777e-7
-14.487769607603902	-1.3853859150657604e-7
-14.46105497615603	-1.389125103411581e-7
-14.447697660432095	-1.3908853847516918e-7
-14.434340344708158	-1.3925673411055352e-7
-14.407625713260288	-1.3956830597513484e-7
-14.394268397536353	-1.397112572274514e-7
-14.380911081812418	-1.3984555224453416e-7
-14.36755376608848	-1.399712463158692e-7
-14.354196450364546	-1.400884722124141e-7
-14.34083913464061	-1.4019740397422506e-7
-14.327481818916674	-1.4029821555265696e-7
-14.314124503192739	-1.40391038542945e-7
-14.300767187468804	-1.404759261179958e-7
-14.287653472507406	-1.405514964844209e-7
-14.274539757546009	-1.4061921223311935e-7
-14.261426042584612	-1.4067881319563104e-7
-14.248312327623214	-1.4072995391028673e-7
-14.235198612661817	-1.4077223287628656e-7
-14.22208489770042	-1.4080522900431966e-7
-14.208971182739022	-1.408285415187006e-7
-14.195857467777625	-1.4084182565926606e-7
-14.182743752816227	-1.4084482200855562e-7
-14.16963003785483	-1.4083737328706575e-7
-14.156516322893433	-1.4081942803853423e-7
-14.143402607932035	-1.4079102895851736e-7
-14.130288892970638	-1.407522896949842e-7
-14.11717517800924	-1.407033598721443e-7
-14.104061463047842	-1.4064438707972883e-7
-14.090947748086444	-1.4057547794509126e-7
-14.077834033125047	-1.4049666414566462e-7
-14.064720318163648	-1.4040787908384256e-7
-14.05160660320225	-1.4030894689848195e-7
-14.038492888240853	-1.401995864998832e-7
-14.025379173279456	-1.4007942939147868e-7
-14.012265458318058	-1.3994804888808519e-7
-13.986038028395264	-1.3964984770369082e-7
-13.972924313433866	-1.3948222690809704e-7
-13.959810598472469	-1.3930184862510821e-7
-13.946696883511072	-1.3910853049076697e-7
-13.933583168549674	-1.3890219678578948e-7
-13.920469453588277	-1.3868286832639668e-7
-13.90735573862688	-1.3845063811634539e-7
-13.881128308704085	-1.37947994545049e-7
-13.868014593742688	-1.3767779950515013e-7
-13.85490087878129	-1.3739506519972692e-7
-13.828673448858495	-1.3679152297896898e-7
-13.815559733897098	-1.3647021337157613e-7
-13.8024460189357	-1.3613538242014537e-7
-13.776218589012904	-1.3542331774951764e-7
-13.763104874051507	-1.350451494862119e-7
-13.749991159090108	-1.34651669365059e-7
-13.723763729167313	-1.3381761477268637e-7
-13.671308869321724	-1.3195871826344433e-7
-13.658195154360326	-1.3145459165381929e-7
-13.645081439398929	-1.3093487779773825e-7
-13.618854009476134	-1.2984855798955203e-7
-13.566399149630545	-1.274815399126476e-7
-13.553285434669148	-1.2684684390688004e-7
-13.54017171970775	-1.2619398772543804e-7
-13.513944289784956	-1.2483214443690868e-7
-13.461489429939364	-1.2187789779423593e-7
-13.449257070816515	-1.2114461997778493e-7
-13.437024711693667	-1.203946939489029e-7
-13.412559993447967	-1.1884501220540532e-7
-13.363630556956569	-1.1554321664828011e-7
-13.351398197833719	-1.1467400465228067e-7
-13.33916583871087	-1.1378648857244666e-7
-13.314701120465172	-1.1195480774904565e-7
-13.265771683973774	-1.08055275675604e-7
-13.253539324850925	-1.0703006410295833e-7
-13.241306965728075	-1.0598463826754032e-7
-13.216842247482376	-1.0383333261991881e-7
-13.167912810990979	-9.928908502597781e-8
-13.070053938008183	-8.918037806057705e-8
-13.057821578885333	-8.78134540623138e-8
-13.045589219762483	-8.642255779783316e-8
-13.021124501516784	-8.356853649631613e-8
-12.972195065025387	-7.757172632971016e-8
-12.959962705902537	-7.601229975030648e-8
-12.94773034677969	-7.442854058634443e-8
-12.92326562853399	-7.118686026655156e-8
-12.874336192042591	-6.439482676202837e-8
-12.862103832919741	-6.262969833085953e-8
-12.849871473796892	-6.083685523518366e-8
-12.825406755551192	-5.716685795776515e-8
-12.776477319059795	-4.94859525601056e-8
-12.678618446077	-3.274459228243265e-8
-12.665354177564668	-3.032823595408053e-8
-12.652089909052336	-2.7874843338171647e-8
-12.625561372027674	-2.285450830061958e-8
-12.572504297978348	-1.2348388953292017e-8
-12.466390149879697	1.0558778158992026e-8
-12.453125881367365	1.3605082206820645e-8
-12.439861612855033	1.6694005754375532e-8
-12.413333075830371	2.3002524511886446e-8
-12.360276001781045	3.615716456231363e-8
-12.254161853682394	6.466569438690756e-8
-12.240897585170062	6.844025777965473e-8
-12.22763331665773	7.226359230927057e-8
-12.201104779633068	8.005964576500683e-8
-12.148047705583743	9.626757246764851e-8
-12.041933557485091	1.3121538660785734e-7
-12.02866928897276	1.358258647646618e-7
-12.015405020460427	1.4049185524320218e-7
-11.988876483435766	1.499935671335842e-7
-11.93581940938644	1.6969699408305935e-7
-11.82970526128779	2.1199522338088105e-7
-11.817322348614006	2.1718674487059952e-7
-11.804939435940224	2.224329910252218e-7
-11.780173610592655	2.3309221379441691e-7
-11.730641959897522	2.5509652659553086e-7
-11.631578658507255	3.019504128034632e-7
-11.619195745833473	3.080782258282379e-7
-11.606812833159688	3.1426709240804304e-7
-11.582047007812122	3.2682996954636057e-7
-11.532515357116988	3.527145145416216e-7
-11.433452055726722	4.076531523711756e-7
-11.42106914305294	4.148242518267446e-7
-11.408686230379155	4.220634538627463e-7
-11.383920405031589	4.367473855054066e-7
-11.334388754336455	4.669515313608305e-7
-11.235325452946189	5.308526299973096e-7
-11.037198850165655	6.733520425234406e-7
-11.02505953825441	6.827533789374729e-7
-11.012920226343166	6.922348798204758e-7
-10.988641602520675	7.114389157306111e-7
-10.940084354875694	7.508154868003658e-7
-10.84296985958573	8.335370954553473e-7
-10.830830547674484	8.442614034169862e-7
-10.81869123576324	8.55072859559658e-7
-10.79441261194075	8.769582981146048e-7
-10.745855364295767	9.217832422515199e-7
-10.648740869005806	1.0157024688288638e-6
-10.636601557094561	1.0278523928793293e-6
-10.624462245183315	1.0400955332173203e-6
-10.600183621360824	1.0648633743731122e-6
-10.551626373715843	1.1155329614574937e-6
-10.45451187842588	1.2214360048770702e-6
-10.260282887845955	1.4521525603108337e-6
-10.247111666545226	1.4687308866631578e-6
-10.2339404452445	1.4854291533962653e-6
-10.207598002643046	1.5191881678958173e-6
-10.154913117440138	1.5881736339418234e-6
-10.04954334703432	1.7320593700085352e-6
-9.838803806222682	2.043634435031164e-6
-9.825632584921955	2.064166946941155e-6
-9.812461363621228	2.084822710949561e-6
-9.786118921019773	2.1265043030455847e-6
-9.733434035816863	2.2113536836739447e-6
-9.628064265411046	2.3869814768555722e-6
-9.41732472459941	2.76107159954433e-6
-9.405034859137231	2.7837932086182242e-6
-9.392744993675052	2.8066096066175453e-6
-9.368165262750694	2.8525235078855323e-6
-9.319005800901976	2.9454579979692717e-6
-9.220686877204542	3.1356162931177145e-6
-9.024049029809674	3.531032562161169e-6
-8.63077333501994	4.3592333375734555e-6
-8.61745156016828	4.387510351295957e-6
-8.60412978531662	4.4157654837447685e-6
-8.577486235613296	4.472193148154311e-6
-8.52419913620665	4.584585514966097e-6
-8.417624937393363	4.806378557691753e-6
-8.404303162541702	4.833724318451882e-6
-8.39098138769004	4.860969020527533e-6
-8.364337837986717	4.9151326121865614e-6
-8.311050738580073	5.021981964029016e-6
-8.204476539766784	5.228240542278731e-6
-8.191154764915122	5.253190781856932e-6
-8.177832990063461	5.277932901941174e-6
-8.151189440360138	5.326762822061319e-6
-8.097902340953494	5.421577732293675e-6
-8.084580566101835	5.444637870266438e-6
-8.071258791250173	5.467422280572808e-6
-8.04461524154685	5.512126690619852e-6
-7.991328142140205	5.5978184613936915e-6
-7.978006367288543	5.618413062828936e-6
-7.964684592436882	5.638657525026481e-6
-7.93804104273356	5.678056710146408e-6
-7.884753943326915	5.752201623044034e-6
-7.871432168475254	5.769702878646215e-6
-7.858110393623593	5.786766513700414e-6
-7.831466843920271	5.819532323274876e-6
-7.7781797445136265	5.879275984524001e-6
-7.765101570424504	5.8926896479917805e-6
-7.75202339633538	5.905587266188863e-6
-7.725867048157134	5.929785994827821e-6
-7.712788874068011	5.9410621505808815e-6
-7.699710699978888	5.9517722542402896e-6
-7.673554351800641	5.971440209081441e-6
-7.6604761777115185	5.980370080224326e-6
-7.647398003622396	5.988678027668039e-6
-7.634319829533272	5.996349353718346e-6
-7.621241655444149	6.003369196666162e-6
-7.608163481355026	6.00972258945915e-6
-7.595085307265903	6.01539450748121e-6
-7.58200713317678	6.020369890703814e-6
-7.568928959087657	6.024633641426094e-6
-7.555850784998533	6.028170597058985e-6
-7.54277261090941	6.030965478641664e-6
-7.529694436820288	6.033002824528712e-6
-7.516616262731164	6.034266915691186e-6
-7.503538088642041	6.034741703484468e-6
-7.490459914552918	6.034410747695652e-6
-7.477381740463795	6.033257175050259e-6
-7.464303566374672	6.031263661023661e-6
-7.451225392285549	6.0284124386960326e-6
-7.438147218196425	6.024685332262611e-6
-7.425069044107302	6.020063811291998e-6
-7.41199087001818	6.014529056547202e-6
-7.398912695929056	6.008062029807561e-6
-7.385834521839933	6.0006435368114425e-6
-7.37275634775081	5.992254275110969e-6
-7.3596781736616865	5.98287485818489e-6
-7.346599999572564	5.972485815857408e-6
-7.333521825483441	5.961067565265522e-6
-7.320443651394317	5.948600360040739e-6
-7.307365477305194	5.9350642219084884e-6
-7.2942873032160715	5.920438863406957e-6
-7.281209129126948	5.904703613114973e-6
-7.255052780948702	5.869818460707554e-6
-7.2419746068595785	5.850624814529928e-6
-7.228896432770456	5.830233774872795e-6
-7.202740084592209	5.7857666464385116e-6
-7.189661910503086	5.7616431385562605e-6
-7.1765837364139635	5.736227536788999e-6
-7.150427388235717	5.681422338563863e-6
-7.137349214146594	5.651983492593535e-6
-7.1242710400574705	5.621154081083754e-6
-7.098114691879225	5.555223322812469e-6
-7.085036517790101	5.520071235480366e-6
-7.071958343700978	5.483426952156543e-6
-7.045801995522732	5.405555943666096e-6
-7.032723821433609	5.364274951864118e-6
-7.019645647344486	5.321393159063437e-6
-6.99348929916624	5.230712271359246e-6
-6.9411766028097475	5.02884946448727e-6
-6.928979784559172	4.977693335045386e-6
-6.916782966308597	4.924937414167024e-6
-6.892389329807447	4.814524339053633e-6
-6.843602056805147	4.573368285061205e-6
-6.831405238554572	4.508689307198416e-6
-6.8192084203039975	4.442199746244185e-6
-6.794814783802847	4.303675815527878e-6
-6.7460275108005465	4.003629636582605e-6
-6.733830692549971	3.9236510189729455e-6
-6.721633874299396	3.841623895271339e-6
-6.697240237798246	3.671298668879438e-6
-6.648452964795946	3.304673669440864e-6
-6.636256146545371	3.207417488759999e-6
-6.624059328294797	3.1078553234846085e-6
-6.599665691793646	2.9016773836653252e-6
-6.550878418791346	2.460126424175233e-6
-6.53868160054077	2.343445450839607e-6
-6.526484782290195	2.2241727565272413e-6
-6.502091145789045	1.977699853641263e-6
-6.453303872786745	1.4519592246308203e-6
-6.44110705453617	1.3134624314475104e-6
-6.428910236285596	1.1720611028227205e-6
-6.404516599784445	8.803819426359684e-7
-6.355729326782145	2.603475781626501e-7
-6.3435325085315695	9.7447229508292e-8
-6.331335690280994	-6.869844109650292e-8
-6.306942053779844	-4.109079223504246e-7
-6.258154780777543	-1.1363029942326741e-6
-6.160580234772943	-2.7617617573980416e-6
-6.1473515071328855	-3.0011291684894697e-6
-6.134122779492829	-3.2452382536417643e-6
-6.107665324212714	-3.747956346185203e-6
-6.054750413652487	-4.8133692000895505e-6
-6.0415216860124294	-5.0926388386988986e-6
-6.028292958372372	-5.377222171231268e-6
-6.001835503092258	-5.96262885050854e-6
-5.94892059253203	-7.200531304836673e-6
-5.935691864891973	-7.524436678004159e-6
-5.922463137251916	-7.85427307284706e-6
-5.896005681971802	-8.532065905657998e-6
-5.843090771411574	-9.962481301158783e-6
-5.737260950291118	-0.000013142159947713227
-5.724032222651061	-0.000013571265954983638
-5.710803495011004	-0.000014007713908201669
-5.68434603973089	-0.000014903019790731583
-5.631431129170662	-0.000016786026798920042
-5.6182024015306045	-0.000017276614412556953
-5.604973673890548	-0.000017775341377281083
-5.578516218610433	-0.000018797629617857067
-5.525601308050206	-0.00002094449657804188
-5.512372580410149	-0.000021503148131396883
-5.499143852770092	-0.000022070791335405092
-5.472686397489978	-0.00002323349697114707
-5.41977148692975	-0.000025671763025653517
-5.313941665809294	-0.00003102602034153203
-5.301594294007785	-0.00003169437109937917
-5.289246922206276	-0.00003237219758175274
-5.264552178603258	-0.00003375668647843824
-5.2151626913972216	-0.00003664391681972674
-5.11638371698515	-0.00004291531569639364
-5.104036345183641	-0.00004374795474352753
-5.091688973382132	-0.00004459178756570805
-5.066994229779114	-0.00004631348165341258
-5.017604742573079	-0.000049896145857450044
-4.918825768161007	-0.00005764439825713466
-4.906478396359498	-0.000058669861283820214
-4.894131024557989	-0.000059708368541893514
-4.869436280954971	-0.00006182498772251341
-4.820046793748935	-0.00006621995360287349
-4.721267819336863	-0.00007568342196032432
-4.708920447535354	-0.00007693182577989989
-4.696573075733845	-0.00007819517449640656
-4.671878332130827	-0.00008076717607752276
-4.622488844924792	-0.00008609564579150145
-4.52370987051272	-0.00009751593286338837
-4.510330589321729	-0.00009914342592862429
-4.496951308130738	-0.00010079059152993952
-4.470192745748756	-0.00010414446997680099
-4.416675620984792	-0.00011109398822800598
-4.309641371456865	-0.00012598642145730116
-4.296262090265875	-0.00012794319207482495
-4.282882809074884	-0.00012992143992367894
-4.256124246692902	-0.00013394269949868615
-4.2026071219289385	-0.00014224631578315002
-4.095572872401011	-0.00015990950958901038
-4.08219359121002	-0.00016221696093490952
-4.068814310019029	-0.00016454654933597138
-4.042055747637047	-0.00016927205761063627
-3.9885386228730835	-0.0001789873099004686
-3.881504373345156	-0.00019945707327386882
-3.667435874289301	-0.0002442351205226416
-3.6543001938608484	-0.00024712876029430147
-3.641164513432395	-0.0002500367933565544
-3.6148931525754895	-0.00025589394970963893
-3.5623504308616782	-0.00026775648698342674
-3.457264987434055	-0.0002919200808849581
-3.444129307005602	-0.00029496577289692155
-3.4309936265771492	-0.0002980139355078005
-3.4047222657202436	-0.000304113420215615
-3.352179544006432	-0.00031629272882063907
-3.247094100578809	-0.00034027191310824457
-3.233958420150356	-0.0003432034710825646
-3.2208227397219034	-0.00034611450618187025
-3.1945513788649977	-0.000351867122388274
-3.142008657151186	-0.00036303511070204415
-3.1288729767227332	-0.0003657435306048994
-3.11573729629428	-0.0003684136123316016
-3.0894659354373744	-0.00037362821907289853
-3.036923213723563	-0.00038347592241276193
-3.0237875332951103	-0.00038579897425002757
-3.0106518528666575	-0.0003880599606481648
-2.984380492009752	-0.0003923817708694193
-2.971244811581299	-0.0003944353017311334
-2.9581091311528462	-0.0003964121727308735
-2.93183777029594	-0.00040011989237690934
-2.9187020898674874	-0.0004018423651775786
-2.905566409439034	-0.000403471416817092
-2.8924307290105813	-0.00040500248310431676
-2.8792950485821285	-0.00040643084031646197
-2.8661593681536757	-0.00040775160000298266
-2.853023687725223	-0.0004089597036486224
-2.83988800729677	-0.0004100499171655024
-2.8267523268683172	-0.00041101682518826163
-2.8144980022784125	-0.00041180274869915667
-2.802243677688508	-0.0004124717837247519
-2.789989353098603	-0.0004130190787944542
-2.777735028508698	-0.00041343962661572267
-2.7654807039187927	-0.000413728259111748
-2.753226379328888	-0.0004138796422592724
-2.7409720547389833	-0.00041388827073144784
-2.7287177301490786	-0.0004137484623527194
-2.716463405559174	-0.00041345435237223355
-2.704209080969269	-0.00041299988756652445
-2.6919547563793644	-0.0004123788201748531
-2.6797004317894593	-0.0004115847016691841
-2.667446107199554	-0.0004106108763569337
-2.6551917826096494	-0.00040945047480660246
-2.6429374580197447	-0.0004080964070830428
-2.63068313342984	-0.00040654135577323277
-2.6184288088399352	-0.0004047777687796964
-2.6061744842500305	-0.00040279785185719143
-2.593920159660126	-0.0004005935608674283
-2.5816658350702206	-0.0003981565937289204
-2.5694115104803155	-0.0003954783820397552
-2.5571571858904107	-0.0003925500823592047
-2.5326485367106013	-0.000385906415270068
-2.5203942121206966	-0.00038217190232600054
-2.508139887530792	-0.00037814899036440683
-2.495885562940887	-0.0003738273174257005
-2.483631238350982	-0.0003691961866485599
-2.471376913761077	-0.00036424455502708647
-2.459122589171172	-0.00035896102179994865
-2.4346139399913627	-0.0003473507863673217
-2.422359615401458	-0.0003409993839420672
-2.4101052908115532	-0.00033426665340447674
-2.3855966416317433	-0.0003196032608922038
-2.373342317041838	-0.0003116445200163927
-2.3610879924519335	-0.00030324826297275863
-2.336579343272124	-0.00028508184531053166
-2.3243250186822193	-0.00027527974161169525
-2.3120706940923146	-0.00026497620002845245
-2.2875620449125047	-0.00024279495646692558
-2.2753077203225995	-0.0002308808774646542
-2.263053395732695	-0.00021839256495282089
-2.2385447465528854	-0.0001916136312532894
-2.2262904219629807	-0.00017728153304922818
-2.214036097373076	-0.000162292198997343
-2.189527448193266	-0.00013025097604034007
-2.177273123603361	-0.00011315173538704968
-2.165018799013456	-0.00009530049888303297
-2.1405101498336467	-0.000057238227439157903
-2.128255825243742	-0.00003697305910676259
-2.1160015006538373	-0.00001584756122834297
-2.0914928514740274	0.000029103232311790473
-2.042475553114408	0.00013069490906950296
-2.029189319135021	0.00016113851023191527
-2.0159030851556343	0.00019291037739844487
-1.989330617196861	0.00026063942429674965
-1.976044383217474	0.00029670174886867423
-1.9627581492380874	0.00033430279941902975
-1.936185681279314	0.00041435476073799584
-1.922899447299927	0.0004569283135368653
-1.9096132133205403	0.0005012860839768893
-1.8830407453617668	0.0005956273890919388
-1.8298958094442197	0.0008088841326702265
-1.8166095754648328	0.0008677854050641066
-1.8033233414854462	0.0009290951817569684
-1.7767508735266726	0.0010593169248897978
-1.7634646395472857	0.0011284271819707523
-1.750178405567899	0.0012003429015994584
-1.7236059376091255	0.001353035270903566
-1.7103197036297386	0.0014340461550788487
-1.697033469650352	0.001518331420911281
-1.6704610016915784	0.0016972511708521262
-1.6173160657740313	0.0021005002654756917
-1.6040298317946444	0.0022116833346916415
-1.5907435978152578	0.0023273544736264647
-1.5641711298564842	0.0025729005031429747
-1.5508848958770973	0.0027031653914114037
-1.5375986618977107	0.0028386990526048095
-1.5110261939389371	0.0031264496384376256
-1.4977399599595502	0.003279129250033236
-1.4844537259801636	0.0034380040632158576
-1.45788125802139	0.0037753836683604713
-1.404736322103843	0.004536708622655566
-1.391450088124456	0.004746933518349816
-1.3781638541450694	0.004965830915115349
-1.3515913861862958	0.00543127883796226
-1.338305152206909	0.005678732499422155
-1.3250189182275223	0.005936678205663515
-1.2984464502687487	0.0064863885447590235
-1.2851602162893618	0.006779500192292335
-1.2718739823099752	0.007085826960101495
-1.2453015143512016	0.007741938465459663
-1.2320152803718147	0.008093992724766456
-1.2187290463924279	0.008463856848209977
-1.1921565784336543	0.009263800795768438
-1.1797517002928157	0.009668396628136303
-1.167346822151977	0.010095575355127529
-1.1549419440111381	0.010547713064290492
-1.1425370658702994	0.011027532310168143
-1.1301321877294606	0.011538144145714605
-1.1177273095886218	0.012083091822850936
-1.0929175533069444	0.01329259589133412
-1.0805126751661058	0.013966798594775776
-1.068107797025267	0.014694712403848443
-1.0557029188844282	0.015482684770061296
-1.0432980407435894	0.01633772911508471
-1.0308931626027507	0.0172675424263656
-1.0184882844619119	0.01828051007455173
-1.006083406321073	0.01938569461784386
-0.9936785281802345	0.02059280506833206
-0.9812736500393957	0.021912142849702658
-0.968868771898557	0.023354520492583953
-0.9564638937577183	0.02493114901298964
-0.9440590156168795	0.026653489921872345
-0.9316541374760408	0.028533067941535838
-0.9192492593352021	0.03058124077946657
-0.8944395030535246	0.03522625969091446
-0.8820346249126858	0.037842253366769656
-0.8696297467718471	0.04066433478571013
-0.8572248686310084	0.04369788690634823
-0.8448199904901696	0.04694571889945348
-0.8324151123493309	0.05040749576263807
-0.8200102342084922	0.054079129043547225
-0.7952004779268147	0.06201298106710844
-0.7827955997859759	0.06624240086231661
-0.7703907216451372	0.07061474634681482
-0.7455809653634597	0.07964988325632764
-0.733176087222621	0.08422391852876049
-0.7207712090817823	0.08876239218642695
-0.6959614528001048	0.09745959910120272
-0.683556574659266	0.10145897294025365
-0.6711516965184273	0.1051042001194888
-0.6587468183775886	0.10829342651595628
-0.6463419402367498	0.11091679770102515
-0.633937062095911	0.11285732581243246
-0.6215321839550724	0.11399202673221867
-0.6091273058142337	0.1141933377775526
-0.5967224276733949	0.11333082023003324
-0.5843175495325561	0.11127314426176392
-0.5719126713917174	0.10789034625759684
-0.5595077932508787	0.10305634031458884
-0.54710291511004	0.09665165699184508
-0.5346980369692012	0.08856637339287875
-0.5222931588283625	0.07870318962808223
-0.5098882806875238	0.06698059789536726
-0.497483402546685	0.05333608212358726
-0.48507852440584626	0.037729278651975576
-0.4726736462650075	0.02014502208132919
-0.4602687681241688	0.0005961955363814435
-0.44786388998333004	-0.020873698584510776
-0.4354590118424913	-0.04418833246209407
-0.42305413370165257	-0.06923679534405168
-0.3982443774199751	-0.12391188447634738
-0.3860831000416744	-0.15255208438532
-0.3739218226633737	-0.18209062444180396
-0.3495992679067723	-0.24274675037286866
-0.3374379905284716	-0.27323556114197245
-0.3252767131501709	-0.3033714637414284
-0.30095415839356954	-0.3610912383800901
-0.28879288101526884	-0.38789849529606896
-0.27663160363696815	-0.4128108823851934
-0.26447032625866745	-0.43543625584809253
-0.25230904888036676	-0.45539245615197
-0.24014777150206607	-0.47231405005162064
-0.2279864941237654	-0.4858591089115447
-0.21582521674546473	-0.49571588321851034
-0.20366393936716404	-0.5016092288442986
-0.19150266198886334	-0.5033066397719981
-0.17934138461056265	-0.500623744816273
-0.16718010723226195	-0.4934291324267255
-0.15501882985396126	-0.48164837793310566
-0.14285755247566057	-0.4652671614289202
-0.13069627509735987	-0.44433338164108716
-0.11853499771905918	-0.4189581912358742
-0.1063737203407585	-0.3893159016030432
-0.0942124429624578	-0.35564272969199506
-0.0820511655841571	-0.31823438532303827
-0.057728610827555725	-0.23367011576387306
-0.04556733344925504	-0.18736580941988415
-0.03340605607095434	-0.13901738924700122
-0.009083501314352954	-0.03829043795144989
0.0030777760639477385	0.012985807450399768
0.015239053442248431	0.06411880155105514
0.03956160819884982	0.1637132195796366
0.051722885577150504	0.21109011450523563
0.0638841629554512	0.25617154647807094
0.07604544033375189	0.29848867069696056
0.08820671771205259	0.33761519563509884
0.10036799509035327	0.37317348105067144
0.11252927246865396	0.4048396766927671
0.12469054984695466	0.4323478126061578
0.13685182722525535	0.45549277690467066
0.14901310460355605	0.47413214299949435
0.16117438198185674	0.48818683481383607
0.17333565936015743	0.4976406447683278
0.18549693673845813	0.5025386445856034
0.19765821411675882	0.502984552586063
0.20981949149505952	0.4991371425419341
0.2219807688733602	0.4912057978172625
0.2341420462516609	0.47944533003408624
0.2463033236299616	0.46415019356167325
0.2584646010082623	0.445648235527782
0.270625878386563	0.42429412571261726
0.2827871557648637	0.4004626116325541
0.2949484331431644	0.3745417414826971
0.3071097105214651	0.346926191613145
0.33143226527806646	0.2881846049038844
0.3800773747912692	0.1670433087399986
0.3932705615590518	0.13550068774750276
0.4064637483268344	0.10518638309495902
0.41965693509461705	0.07638046995842898
0.4328501218623997	0.0493167100073127
0.4460433086301823	0.024182193312140977
0.45923649539796496	0.0011179727891596491
0.4724296821657476	-0.01977940663635374
0.48562286893353024	-0.03845559678776794
0.4988160557013129	-0.05489547593710983
0.5120092424690955	-0.06911964846866643
0.5252024292368782	-0.08118054534505055
0.5383956160046608	-0.09115825417064403
0.5515888027724434	-0.09915620216163065
0.5647819895402261	-0.10529680689945325
0.5779751763080088	-0.10971719891096952
0.5911683630757913	-0.11256510745559742
0.6043615498435739	-0.11399498698235169
0.6175547366113566	-0.11416444710546826
0.6307479233791393	-0.11323103415834651
0.6439411101469219	-0.11134939789364223
0.6571342969147045	-0.10866886311270031
0.6703274836824872	-0.10533141327098464
0.6835206704502699	-0.10147008168495014
0.6967138572180525	-0.09720773605248596
0.709907043985835	-0.0926562337135024
0.7231002307536177	-0.08791591847105484
0.749486604289183	-0.07821175239029905
0.7626797910569656	-0.07339057055646642
0.7758729778247483	-0.06866671472504643
0.8022593513603136	-0.05968015337027882
0.8154525381280961	-0.05547931610041611
0.8286457248958788	-0.0515012733239088
0.8418389116636615	-0.04775819397825168
0.8550320984314441	-0.04425636993644901
0.8682252851992267	-0.04099709615427607
0.8814184719670094	-0.03797750923693595
0.9078048455025747	-0.03262979193595201
0.9209980322703573	-0.030281875769753684
0.93419121903814	-0.028135302973024922
0.9473844058059226	-0.026176831258522708
0.9605775925737052	-0.02439272698448676
0.9737707793414878	-0.02276912614974157
0.9869639661092705	-0.021292329793303783
1.0001571528770532	-0.019949038956589282
1.0133503396448358	-0.01872653499803754
1.0265435264126184	-0.017612811402009047
1.039736713180401	-0.016596663336022815
1.0529298999481838	-0.015667741123349007
1.0661230867159663	-0.014816573551408689
1.079316273483749	-0.01403456656798305
1.0925094602515317	-0.013313982461600366
1.118895833787097	-0.012030188341721442
1.1320890205548795	-0.011455411898980253
1.145282207322662	-0.010918812969833533
1.1716685808582274	-0.009944044843918611
1.18486176762601	-0.009499116549893806
1.1980549543937928	-0.009078732344419568
1.224441327929358	-0.00830255600426752
1.2367531588585927	-0.007966484217190335
1.2490649897878272	-0.007645252600772594
1.2736886516462964	-0.007043176441441561
1.2860004825755311	-0.006760580365062031
1.2983123135047656	-0.006489284498767467
1.3229359753632348	-0.005978105189920235
1.3352478062924695	-0.005737140231726029
1.347559637221704	-0.005505292328208254
1.3721832990801732	-0.005067299838192277
1.4214306227971116	-0.004284280208250498
1.4337424537263463	-0.004106106904675479
1.4460542846555808	-0.003934423738006287
1.47067794651405	-0.0036095505919266357
1.4829897774432848	-0.0034558996518283397
1.4953016083725192	-0.0033078150677136736
1.5199252702309884	-0.003027526462430666
1.5322371011602232	-0.0028949336278464646
1.5445489320894576	-0.0027671286452809613
1.5691725939479269	-0.0025251857151399604
1.618419917664865	-0.002091459312638662
1.6307317485940995	-0.0019926094053321804
1.6430435795233342	-0.0018973172282311648
1.6676672413818032	-0.001716898184041977
1.679979072311038	-0.001631529598976193
1.6922909032402724	-0.0015492349244252092
1.7169145650987416	-0.0013934335672312146
1.7292263960279763	-0.0013197203967738672
1.7415382269572108	-0.0012486678227334423
1.76616188881568	-0.0011141735793716284
1.8154092125326184	-0.0008732241856404862
1.8277210434618532	-0.0008183643654330816
1.8400328743910876	-0.0007655082328829471
1.8646565362495569	-0.0006655339471756186
1.8769683671787916	-0.0006182854920529458
1.889280198108026	-0.0005727799152817495
1.9139038599664953	-0.0004867620815433029
1.92621569089573	-0.00044613744322698754
1.9385275218249645	-0.00040703075016842473
1.9631511836834337	-0.00033316785607073306
2.012398507400372	-0.00020151859585650322
2.025742247719089	-0.00016925204872402652
2.0390859880378054	-0.00013833810312266877
2.0657734686752383	-0.00008037422583563841
2.0791172089939547	-0.000053231866856158976
2.092460949312671	-0.000027257109051664397
2.119148429950104	0.000021356335707429327
2.1324921702688204	0.00004407460466805355
2.145835910587537	0.0000657845574036329
2.17252339122497	0.0001063233024331397
2.185867131543687	0.00012522077136495216
2.1992108718624035	0.00014324737750419738
2.2258983524998364	0.000176812254226756
2.239242092818553	0.00019240990377604022
2.2525858331372692	0.00020725553195750495
2.2792733137747025	0.00023479827563813773
2.2926170540934194	0.00024754681315664794
2.305960794412136	0.000259646243953527
2.3326482750495687	0.00028199102009892626
2.345992015368285	0.00029228096288891385
2.3593357556870016	0.0003020110537266511
2.372679496005718	0.00031120170397467195
2.386023236324435	0.0003198726196314025
2.399366976643152	0.00032804282704134314
2.4127107169618682	0.0003357306974930978
2.439398197599301	0.000349729777666577
2.4527419379180175	0.0003560746616913246
2.466085678236734	0.00036200459977416694
2.4794294185554504	0.0003675350222955287
2.4927731588741673	0.0003726808323454289
2.506116899192884	0.0003774564243119796
2.5194606395116006	0.00038187570182754513
2.5461481201490335	0.00038969857762731486
2.55949186046775	0.0003931276823389354
2.5728356007864663	0.0003962515170982256
2.5861793411051828	0.0003990817796279385
2.5995230814238997	0.0004016297718185918
2.6128668217426165	0.0004039064134416879
2.626210562061333	0.00040592225527906825
2.6395543023800494	0.00040768749169361736
2.652898042698766	0.00040921197267489075
2.6662417830174823	0.0004105052154001927
2.6795855233361987	0.0004115764153556842
2.692929263654915	0.00041243445706350655
2.706273003973632	0.00041308792445534336
2.719616744292349	0.0004135451109275063
2.7329604846110653	0.0004138140291033909
2.7463042249297818	0.00041390242031584523
2.759647965248498	0.00041381776381553363
2.7729917055672146	0.0004135672856973339
2.786335445885931	0.00041315796753487594
2.7996791862046475	0.00041259655470704364
2.8130229265233644	0.0004118895644035208
2.8263666668420813	0.00041104329329918945
2.8397104071607977	0.00041006382489651265
2.853054147479514	0.0004089570365407597
2.8663978877982306	0.00040772860612818887
2.8794980273544093	0.00040640957433923843
2.8925981669105876	0.0004049836029641528
2.9187984460229446	0.00040183006470682035
2.9318985855791233	0.0004001117073607358
2.9449987251353016	0.0003983048396300117
2.9711990042476586	0.00039444233103493997
2.9842991438038373	0.00039239471620147563
2.9973992833600156	0.0003902746522960153
3.0235995624723726	0.00038583177466637586
3.0760001206970866	0.00037623042108962863
3.0891002602532653	0.0003736995428645313
3.1022003998094436	0.0003711223751765542
3.1284006789218006	0.0003658402140966051
3.1808012371465146	0.00035483661892006
3.2856023535959427	0.0003315770798390451
3.2987024931521214	0.00032859056770580264
3.3118026327082997	0.0003255922352391094
3.3380029118206567	0.00031956626583778914
3.3904034700453707	0.00030743705261017346
3.4952045864947987	0.0002831461923378076
3.7048068193936543	0.0002360856936884834
3.717025603111285	0.00023344904212768854
3.729244386828915	0.00023082669252855366
3.7536819542641764	0.00022562612197151919
3.802557089134698	0.00021540922016111033
3.9003073588757413	0.0001957626519234513
3.9125261425933715	0.0001933840998152051
3.924744926311002	0.000191023181425329
3.949182493746263	0.00018635468401226367
3.998057628616785	0.00017723362680600787
4.095807898357829	0.00015986917386609986
4.10802668207546	0.00015778157043882553
4.12024546579309	0.0001557124389158366
4.14468303322835	0.00015162956843003256
4.193558168098873	0.00014368496248617912
4.291308437839916	0.0001286731259821667
4.303527221557546	0.00012687797984590153
4.315746005275177	0.0001251007070313566
4.340183572710438	0.0001215995017031235
4.3890587075809595	0.00011480834890350952
4.486808977322004	0.000102052436486786
4.500059670429117	0.0001004061498912274
4.513310363536229	0.00009877925982973348
4.539811749750454	0.00009558314873873091
4.592814522178903	0.00008941786222096265
4.698820067035802	0.00007796415091145328
4.712070760142915	0.0000766118922019901
4.725321453250027	0.00007527681043248934
4.751822839464252	0.00007265759238249826
4.804825611892701	0.0000676188138977647
4.9108311567496	0.00005830687705803139
4.924081849856712	0.00005721180407098313
4.937332542963825	0.000056131560058889085
4.963833929178049	0.00005401497604179059
5.016836701606499	0.00004995335425573948
5.1228422464633985	0.00004248420949325106
5.136092939570512	0.00004160915223807779
5.149343632677624	0.000040746655017583934
5.175845018891849	0.00003905879637453968
5.228847791320298	0.000035827841644666715
5.334853336177197	0.000029915422665620315
5.347222673445762	0.000029270957906105317
5.359592010714326	0.000028635630501562797
5.384330685251454	0.000027391990230267124
5.433808034325712	0.00002501001350268205
5.446177371594276	0.000024435890302129497
5.4585467088628405	0.0000238701236430351
5.48328538339997	0.000022763282695096358
5.532762732474227	0.000020645780943475377
5.545132069742792	0.000020135914302257724
5.5575014070113555	0.000019633673300003228
5.582240081548484	0.000018651718232955486
5.631717430622742	0.000016775498518040556
5.730672128771257	0.00001335497263971582
5.743041466039822	0.000012956935709151332
5.7554108033083855	0.00001256519927589296
5.780149477845514	0.000011800324384965221
5.829626826919772	0.000010342879588087035
5.841996164188336	9.99315377091714e-6
5.8543655014569005	9.649137354853432e-6
5.87910417599403	8.977947455932251e-6
5.928581525068287	7.700978842676317e-6
5.940950862336852	7.394964393721759e-6
5.9533201996054155	7.094107340697552e-6
5.978058874142544	6.507604816487255e-6
6.027536223216801	5.39366367497459e-6
6.126490921365316	3.3882521450978803e-6
6.138616657871342	3.1617769070399547e-6
6.150742394377369	2.939323480573796e-6
6.174993867389421	2.5062727819530513e-6
6.223496813413526	1.6861702842568393e-6
6.235622549919552	1.4904381167247984e-6
6.247748286425578	1.2983261504962047e-6
6.271999759437631	9.247718040818198e-7
6.320502705461736	2.1902382304610788e-7
6.3326284419677625	5.0933401342763895e-8
6.344754178473789	-1.1390932342462685e-7
6.369005651485842	-4.3402930221443617e-7
6.417508597509947	-1.0372159454005942e-6
6.514514489558158	-2.1045585752508796e-6
6.526640226064184	-2.2257093040995437e-6
6.53876596257021	-2.3442613584886808e-6
6.563017435582263	-2.5737183684292942e-6
6.611520381606368	-3.0030609087652597e-6
6.6236461181123945	-3.104441519647147e-6
6.635771854618421	-3.2035084169570777e-6
6.660023327630474	-3.394833452587248e-6
6.708526273654579	-3.751152046599897e-6
6.720652010160605	-3.83493054103075e-6
6.732777746666631	-3.916650889306457e-6
6.757029219678684	-4.074040052029096e-6
6.80553216570279	-4.365457041370126e-6
6.817657902208816	-4.433616135127161e-6
6.829783638714842	-4.499954306898951e-6
6.854035111726895	-4.627278246061711e-6
6.902538057751	-4.861263420748857e-6
6.9156957036465085	-4.920156066096082e-6
6.928853349542017	-4.977154704835507e-6
6.955168641333033	-5.0855974531738984e-6
6.968326287228542	-5.137104776194558e-6
6.98148393312405	-5.18684448499486e-6
7.0077992249150665	-5.281144498775135e-6
7.020956870810575	-5.325765521205922e-6
7.034114516706083	-5.368740219478114e-6
7.0604298084971	-5.4498662480483856e-6
7.113060392079133	-5.5936011814266065e-6
7.126218037974641	-5.6258328486533116e-6
7.139375683870149	-5.656635469936805e-6
7.165690975661166	-5.714055145026112e-6
7.178848621556674	-5.740722591901851e-6
7.192006267452182	-5.766061798168076e-6
7.218321559243199	-5.812854450550249e-6
7.231479205138707	-5.8343567238194004e-6
7.244636851034215	-5.854628268754528e-6
7.257794496929724	-5.873692527887456e-6
7.270952142825232	-5.891572448171387e-6
7.28410978872074	-5.9082904534414615e-6
7.2972674346162485	-5.923868441859784e-6
7.323582726407265	-5.951689523542997e-6
7.336740372302773	-5.96397414861843e-6
7.349898018198282	-5.975201969514649e-6
7.36305566409379	-5.985393047317801e-6
7.376213309989298	-5.994567290967291e-6
7.389370955884806	-6.002744503854143e-6
7.402528601780315	-6.009944405901101e-6
7.415686247675823	-6.016186627452388e-6
7.428843893571331	-6.021490675540281e-6
7.4420015394668395	-6.025875881063683e-6
7.455159185362348	-6.029361329828315e-6
7.468316831257856	-6.031965791115576e-6
7.481474477153364	-6.033707652606558e-6
7.494632123048873	-6.034604869857574e-6
7.507789768944381	-6.034674939734124e-6
7.520947414839889	-6.033934899739128e-6
7.534105060735397	-6.032401355018013e-6
7.547262706630906	-6.030090528685861e-6
7.560420352526414	-6.027018330508581e-6
7.573577998421922	-6.02320043285344e-6
7.5867356443174305	-6.0186523464121275e-6
7.599893290212939	-6.013389483226078e-6
7.613050936108447	-6.0074272020052555e-6
7.626208582003955	-6.000780826794644e-6
7.639366227899464	-5.9934656398315245e-6
7.652523873794972	-5.985496847841533e-6
7.66568151969048	-5.976889528270038e-6
7.691996811481497	-5.957818565846627e-6
7.705154457377005	-5.947383823748462e-6
7.718312103272513	-5.936368243568239e-6
7.744627395063529	-5.9126481816154305e-6
7.7569036851204896	-5.900835465807411e-6
7.769179975177449	-5.888561435266938e-6
7.7937325552913705	-5.862668781484298e-6
7.842837715519211	-5.805774924261698e-6
7.855114005576171	-5.790543013094e-6
7.867390295633132	-5.7749268454563435e-6
7.891942875747052	-5.742579712927388e-6
7.941048035974893	-5.673684729320862e-6
7.9533243260318525	-5.655637256400236e-6
7.965600616088813	-5.637276897541097e-6
7.9901531962027335	-5.599648685633216e-6
8.039258356430574	-5.52097059752408e-6
8.137468676886256	-5.351552152955529e-6
8.149744966943217	-5.3293842673972965e-6
8.162021257000177	-5.307019199916798e-6
8.186573837114096	-5.261722644214653e-6
8.235678997341939	-5.169027309021002e-6
8.33388931779762	-4.976446578506882e-6
8.530309958708983	-4.571735553781086e-6
8.543618158155425	-4.5437127398341936e-6
8.556926357601867	-4.515642010774506e-6
8.58354275649475	-4.459377211358563e-6
8.63677555428052	-4.346486832424331e-6
8.743241149852057	-4.1201397473430314e-6
8.956172340995133	-3.6714267612304862e-6
8.969480540441577	-3.643770546919652e-6
8.982788739888019	-3.616174904345253e-6
9.009405138780902	-3.5611761759332325e-6
9.06263793656667	-3.452021857459019e-6
9.169103532138209	-3.23752768473241e-6
9.382034723281283	-2.8265700917966355e-6
9.394461566889177	-2.8034170888920293e-6
9.406888410497071	-2.780360255189372e-6
9.43174209771286	-2.734538708200232e-6
9.481449472144437	-2.6440922076460363e-6
9.58086422100759	-2.468158146732083e-6
9.779693718733895	-2.136745874293997e-6
9.79212056234179	-2.1169644646851227e-6
9.804547405949684	-2.0972930646306724e-6
9.829401093165473	-2.058279660872897e-6
9.87910846759705	-1.9815710949200804e-6
9.978523216460202	-1.8334856361012404e-6
10.177352714186508	-1.5585506337508477e-6
10.189535957031865	-1.5426170622839582e-6
10.201719199877221	-1.5267885102291764e-6
10.226085685567933	-1.495444653668063e-6
10.274818656949357	-1.4339952455685782e-6
10.372284599712206	-1.3159762068027931e-6
10.384467842557562	-1.3016797868204043e-6
10.396651085402919	-1.2874844611676507e-6
10.42101757109363	-1.2593958060710436e-6
10.469750542475055	-1.204412153933247e-6
10.567216485237903	-1.0990994692343366e-6
10.57939972808326	-1.0863659457086315e-6
10.591582970928616	-1.0737277986881423e-6
10.615949456619328	-1.0487370115657809e-6
10.664682428000752	-9.998875586335892e-7
10.762148370763601	-9.065856161174016e-7
10.957080256289299	-7.368854566111235e-7
10.970295408524137	-7.261641752685875e-7
10.983510560758974	-7.155387022508668e-7
11.00994086522865	-6.94574200984393e-7
11.062801474168003	-6.537858430796101e-7
11.168522692046707	-5.766626070633635e-7
11.181737844281546	-5.674244791418689e-7
11.194952996516383	-5.582734093918101e-7
11.221383300986059	-5.402310426262658e-7
11.274243909925412	-5.051795643868338e-7
11.379965127804116	-4.3911806092526706e-7
11.393180280038955	-4.312248916629735e-7
11.406395432273792	-4.2341016796496045e-7
11.432825736743467	-4.080142297206192e-7
11.48568634568282	-3.7814929067063463e-7
11.591407563561525	-3.2205245023130685e-7
11.802849999318934	-2.2332365846085972e-7
11.815183795715225	-2.180888556980445e-7
11.827517592111514	-2.1290844643339843e-7
11.852185184904094	-2.0270868212723253e-7
11.901520370489253	-1.8294386156881073e-7
12.000190741659573	-1.4591318250444657e-7
12.012524538055864	-1.4151253970896838e-7
12.024858334452153	-1.37160732343114e-7
12.049525927244733	-1.2860108119247884e-7
12.098861112829892	-1.1204356138065988e-7
12.197531484000212	-8.112521201734293e-8
12.209865280396503	-7.746287422741501e-8
12.222199076792792	-7.384423743751062e-8
12.246866669585373	-6.673566779052953e-8
12.296201855170532	-5.3016857471657394e-8
12.394872226340851	-2.7497439794750556e-8
12.407206022737142	-2.448472576836551e-8
12.419539819133432	-2.1510743081947295e-8
12.444207411926012	-1.567723644668338e-8
12.493542597511173	-4.452789902432154e-9
12.592212968681492	1.6324136082809804e-8
12.605578674467264	1.8971068858203433e-8
12.618944380253037	2.1578331893448016e-8
12.64567579182458	2.6674996603400468e-8
12.69913861496767	3.6411370476986844e-8
12.71250432075344	3.875408695862281e-8
12.725870026539212	4.106153780230118e-8
12.752601438110757	4.557250530115985e-8
12.806064261253844	5.418493786773712e-8
12.819429967039616	5.6253045538205183e-8
12.832795672825387	5.8287204982552816e-8
12.859527084396932	6.225435153126534e-8
12.91298990754002	6.979519818952479e-8
13.019915553826195	8.342500363035777e-8
13.033281259611966	8.499877460216168e-8
13.046646965397738	8.654377985192925e-8
13.073378376969282	8.954775092512297e-8
13.12684120011237	9.521949652339262e-8
13.140206905898141	9.657025311701891e-8
13.153572611683913	9.789532818264184e-8
13.180304023255458	1.00470559117119e-7
13.233766846398545	1.0533017833142585e-7
13.247132552184317	1.0648503458111826e-7
13.260498257970088	1.0761578277747492e-7
13.287229669541633	1.0980487616352955e-7
13.34069249268472	1.1389826936442603e-7
13.354058198470494	1.1486456204538777e-7
13.367423904256265	1.1580911620396326e-7
13.39415531582781	1.1763516696559916e-7
13.447618138970897	1.2104510684085058e-7
13.460740243994131	1.218334670993271e-7
13.473862349017367	1.2260259260187152e-7
13.500106559063834	1.2408282947640572e-7
13.552594979156769	1.2681292685054208e-7
13.565717084180003	1.274489683576296e-7
13.578839189203237	1.2806729181297346e-7
13.605083399249704	1.292527993390844e-7
13.657571819342639	1.314302405665377e-7
13.670693924365873	1.3193542727423055e-7
13.683816029389106	1.3242494270677345e-7
13.710060239435574	1.333565240455633e-7
13.723182344458808	1.337984065175827e-7
13.736304449482041	1.3422432566930972e-7
13.76254865952851	1.350287736789262e-7
13.775670764551744	1.3540782119880615e-7
13.78879286957498	1.3577192156647333e-7
13.815037079621447	1.3645713013493363e-7
13.828159184644681	1.3677917224075254e-7
13.841281289667915	1.3708805646147097e-7
13.867525499714382	1.3766747979088298e-7
13.880647604737616	1.37938311309553e-7
13.89376970976085	1.3819657616799975e-7
13.906891814784084	1.3844218772957918e-7
13.920013919807317	1.3867501712622437e-7
13.933136024830551	1.388949319156604e-7
13.946258129853785	1.391018375498606e-7
13.972502339900252	1.3947662243797554e-7
13.985624444923486	1.3964475348312677e-7
13.99874654994672	1.3980038711291685e-7
14.011868654969954	1.3994389387375346e-7
14.024990759993187	1.4007570147013928e-7
14.038112865016421	1.401962583633023e-7
14.051234970039655	1.4030599286964183e-7
14.06435707506289	1.4040527644292077e-7
14.077479180086124	1.4049439358128574e-7
14.090601285109358	1.4057352313613658e-7
14.103723390132593	1.4064273505385487e-7
14.116845495155827	1.4070199979380744e-7
14.12996760017906	1.40751212022853e-7
14.143089705202295	1.407902245760236e-7
14.156211810225528	1.4081888679803346e-7
14.169333915248762	1.4083708394283358e-7
14.182456020271996	1.4084477093423073e-7
14.19557812529523	1.4084199747129355e-7
14.208700230318463	1.4082891848449317e-7
14.221822335341697	1.4080579206028274e-7
14.23494444036493	1.4077296194710232e-7
14.248066545388165	1.4073082919092896e-7
14.261188650411398	1.4067981532906587e-7
14.274310755434632	1.406203235846358e-7
14.287432860457866	1.405527012237999e-7
14.299673609642552	1.4048252360427923e-7
14.311914358827238	1.4040563217127986e-7
14.324155108011924	1.4032207711924243e-7
14.33639585719661	1.4023183227064757e-7
14.348636606381296	1.401348111505058e-7
14.360877355565982	1.4003088777409098e-7
14.385358853935353	1.3980179395498048e-7
14.397599603120039	1.3967641663211751e-7
14.409840352304723	1.3954376977835716e-7
14.434321850674095	1.3925696134024692e-7
14.446562599858781	1.3910314110395416e-7
14.458803349043468	1.3894271512247472e-7
14.48328484741284	1.3860329663104032e-7
14.495525596597526	1.3842493771596006e-7
14.507766345782212	1.3824118658278822e-7
14.532247844151584	1.3785827444094082e-7
14.581210840890327	1.370319169085308e-7
14.593451590075013	1.3681222026676538e-7
14.605692339259697	1.3658700159422353e-7
14.63017383762907	1.3611962758934223e-7
14.679136834367814	1.3511830044123183e-7
14.6913775835525	1.348551688513369e-7
14.703618332737186	1.3458748206021776e-7
14.728099831106558	1.3403960441263125e-7
14.7770628278453	1.3289906779999057e-7
14.874988821322788	1.3043129172008448e-7
14.887229570507474	1.3010385433667065e-7
14.89947031969216	1.297725007662478e-7
14.92395181806153	1.2909911257147398e-7
14.972914814800273	1.2771711500287144e-7
15.07084080827776	1.2482885920120487e-7
15.084113466851928	1.244226357682073e-7
15.097386125426095	1.240126722233789e-7
15.123931442574431	1.231822442626771e-7
15.1770220768711	1.2148795630072587e-7
15.283203345464443	1.180064321270289e-7
15.495565882651128	1.1066290554028596e-7
15.920290957024498	9.524605077682104e-8
16.713334332104164	6.724902582152734e-8
16.725482034077245	6.68464713291829e-8
16.73762973605033	6.644541300417778e-8
16.761925139996492	6.56482316843069e-8
16.810515947888817	6.407319716537473e-8
16.907697563673473	6.09708397042788e-8
17.102060795242778	5.4998815313641417e-8
17.11420849721586	5.463527708764529e-8
17.12635619918894	5.427259152463934e-8
17.150651603135106	5.355042012827969e-8
17.199242411027434	5.212401378877282e-8
17.296424026812087	4.935190914875237e-8
17.490787258381395	4.404298914158569e-8
17.50396686974396	4.369728558509256e-8
17.517146481106522	4.335277159397526e-8
17.54350570383165	4.2666762786486984e-8
17.596224149281905	4.13075538648576e-8
17.701661040182415	3.867684811775709e-8
17.912534821983435	3.3719326410046324e-8
17.925714433346	3.3424741969004246e-8
17.93889404470856	3.313174834658483e-8
17.965253267433688	3.254962448184795e-8
18.017971712883945	3.139742366792264e-8
18.123408603784455	2.916507357616908e-8
18.33428238558547	2.500394536016602e-8
18.346580641109483	2.4774111258328915e-8
18.3588788966335	2.4545934608445272e-8
18.38347540768153	2.4093887134881385e-8
18.432668429777593	2.320213841975477e-8
18.531054473969718	2.14636018109986e-8
18.727826562353968	1.8241878708535192e-8
18.740124817877984	1.804939832089538e-8
18.752423073402	1.7858508581007973e-8
18.77701958445003	1.7481776129675032e-8
18.826212606546093	1.6747096236432242e-8
18.92459865073822	1.5322640926473258e-8
19.12137073912247	1.2688107228287296e-8
19.135099308568577	1.2513088880924776e-8
19.148827878014686	1.2339029662172124e-8
19.176285016906906	1.1994715441048832e-8
19.231199294691343	1.132673190852064e-8
19.341027850260218	1.0060769247105354e-8
19.354756419706327	9.906016824315009e-9
19.368484989152435	9.752080640961815e-9
19.395942128044656	9.447541232351139e-9
19.450856405829093	8.857440880792947e-9
19.560684961397968	7.744302037322737e-9
19.574413530844076	7.608337875952137e-9
19.588142100290185	7.473051891280363e-9
19.615599239182405	7.205349475652555e-9
19.670513516966842	6.687223653403969e-9
19.780342072535717	5.714976376576357e-9
19.794070641981826	5.5963315445531694e-9
19.807799211427934	5.478234167623393e-9
19.835256350320154	5.244458582199293e-9
19.890170628104592	4.792476733034767e-9
19.9038991975507	4.683399720828169e-9
19.917627766996812	4.575797139230305e-9
19.945084905889033	4.364225628019497e-9
19.95881347533514	4.259780183647234e-9
19.97254204478125	4.155925101018837e-9
19.986270614227358	4.052492620719005e-9
19.99999918367347	3.949393196457434e-9