-1999.999918367347	-2.2870458382871674e-6
-1998.7731283678345	-1.969643334459882e-6
-1997.5463383683223	-1.6505331128848963e-6
-1995.0927583692974	-1.0071623082592596e-6
-1990.185598371248	3.003725398350196e-7
-1980.371278375149	3.0001697479801392e-6
-1960.7426383829506	8.751441351179031e-6
-1959.5158483834382	9.126982471900093e-6
-1958.2890583839257	9.504460992185447e-6
-1955.835478384901	0.000010265260663558064
-1950.9283183868515	0.000011810445073978686
-1941.1139983907526	0.000014996893600663168
-1921.4853583985546	0.000021768403800843158
-1920.1553774600939	0.00002224708196574423
-1918.8253965216334	0.000022728340282788617
-1916.1654346447121	0.000023698640853679208
-1910.84551089087	0.000025670684458341177
-1900.2056633831853	0.00002974303072217699
-1878.925968367816	0.00003842124988210488
-1877.5959874293553	0.00003898809058454247
-1876.2660064908948	0.00003955788022753557
-1873.6060446139736	0.00004070635539493435
-1868.2861208601314	0.00004303923524366117
-1857.6462733524468	0.000047851519992005414
-1836.3665783370777	0.00005808528789594345
-1835.1247329824719	0.00005870846708909156
-1833.8828876278662	0.00005933457904385667
-1831.3991969186545	0.0000605956462610773
-1826.4318155002316	0.0000631534713319711
-1816.4970526633854	0.00006841445733685018
-1796.627526989693	0.00007953891582863795
-1795.3856816350872	0.00008026172446229615
-1794.1438362804815	0.00008098784621677927
-1791.6601455712698	0.00008245007949178536
-1786.6927641528468	0.00008541486039966115
-1776.7580013160007	0.00009150855929613438
-1756.8884756423083	0.00010437614952630344
-1755.6709903639562	0.00010519502372900117
-1754.4535050856043	0.00010601749083309696
-1752.0185345289005	0.00010767325677517878
-1747.1485934154925	0.0001110284893221479
-1737.408711188677	0.00011791678506318636
-1717.9289467350454	0.00013242954891091058
-1716.7114614566935	0.00013337019435737902
-1715.4939761783414	0.00013431487965443045
-1713.0590056216374	0.00013621642891562804
-1708.1890645082296	0.00014006865874492807
-1698.4491822814139	0.00014797301966668218
-1678.9694178277825	0.0001646090543470288
-1677.6487416104824	0.0001657780893190929
-1676.3280653931822	0.00016695246595439583
-1673.686712958582	0.00016931732833750296
-1668.4040080893813	0.00017411208269529931
-1657.83859835098	0.00018396651976198414
-1636.7077788741774	0.0002047746448720013
-1635.3871026568772	0.00020612542152575368
-1634.066426439577	0.00020748225123507717
-1631.4250740049768	0.00021021416421336883
-1626.142369135776	0.00021575166993698883
-1615.5769593973748	0.00022712679730564245
-1594.4461399205723	0.00025112188087223196
-1593.2135992871267	0.0002525743901614606
-1591.9810586536814	0.0002540328653417616
-1589.5159773867908	0.0002569677994628251
-1584.5858148530092	0.00026291020942341946
-1574.7254897854464	0.0002750901111344857
-1555.0048396503207	0.00030067056112968835
-1553.7722990168754	0.0003023250108453041
-1552.5397583834301	0.00030398615144041946
-1550.0746771165393	0.0003073286010136224
-1545.144514582758	0.00031409484832703455
-1535.284189515195	0.0003279581996116251
-1515.5635393800694	0.0003570531318463949
-1514.2278078076758	0.00035909175719699236
-1512.8920762352823	0.0003611391893934626
-1510.2206130904951	0.00036526060971660626
-1504.8776868009209	0.0003736106286029864
-1494.1918342217725	0.00039074711804691804
-1472.8201290634756	0.00042682948969305877
-1471.484397491082	0.000429167319994336
-1470.1486659186885	0.00043151510108688923
-1467.4772027739014	0.0004362406672716052
-1462.1342764843273	0.0004458128844826992
-1451.448423905179	0.00046545032196979724
-1430.076718746882	0.0005067683549736905
-1428.7653472507423	0.0005093951698052768
-1427.4539757546027	0.0005120328084469439
-1424.831232762323	0.0005173407174158332
-1419.5857467777641	0.0005280881914510004
-1409.094774808646	0.0005501189133459219
-1388.11283087041	0.0005963985173014984
-1386.8014593742705	0.00059939223230477
-1385.4900878781307	0.0006023981210039264
-1382.8673448858513	0.0006084465978520582
-1377.6218589012922	0.0006206916062246327
-1367.1308869321742	0.0006457840228659625
-1346.1489429939384	0.0006984619559154553
-1344.9257070816534	0.0007016387292003642
-1343.7024711693684	0.0007048273981871064
-1341.2559993447985	0.0007112405840098632
-1336.3630556956589	0.0007242114790522031
-1326.5771683973794	0.0007507405212916624
-1307.0053938008202	0.0008062225445574535
-1305.7821578885355	0.0008098005069208172
-1304.5589219762505	0.0008133917112571505
-1302.1124501516806	0.0008206140226029376
-1297.2195065025408	0.0008352195005383554
-1287.433619204261	0.0008650839436624702
-1267.861844607702	0.0009275090916566198
-1266.535417756469	0.0009318735069137607
-1265.2089909052359	0.0009362552360564352
-1262.5561372027696	0.0009450708833537852
-1257.2504297978371	0.0009629126762184942
-1246.639014987972	0.0009994523547160253
-1225.4161853682417	0.001076071494600206
-1224.0897585170087	0.0010810215626432737
-1222.7633316657755	0.001085991018263656
-1220.1104779633092	0.0010959883646529459
-1214.8047705583767	0.0011162187161352158
-1204.1933557485115	0.0011576375673161333
-1182.9705261287813	0.0012444346856022154
-1181.732234861403	0.0012496667945436882
-1180.4939435940246	0.0012549177811592327
-1178.017361059268	0.0012654766301518263
-1173.0641959897548	0.0012868235391753264
-1163.157865850728	0.001330447997855525
-1143.3452055726748	0.0014215319785908626
-1103.719885016568	0.00161997433704364
-1102.5059538254436	0.001626414021756734
-1101.292022634319	0.001632875884065482
-1098.8641602520697	0.0016458664081650028
-1094.0084354875717	0.0016721165291114588
-1084.2969859585755	0.0017257081793502506
-1064.874086900583	0.0018373799358376726
-1026.028288784598	0.002079689322951027
-1024.7111666545254	0.0020883697036256396
-1023.3940445244526	0.0020970815463776087
-1020.7598002643072	0.002114600002455786
-1015.4913117440162	0.0021500186964981223
-1004.9543347034345	0.002222404944054159
-983.8803806222709	0.002373548809548003
-941.7324724599437	0.0027027597561117096
-940.5034859137257	0.0027129233981218965
-939.2744993675078	0.0027231200287785714
-936.816526275072	0.0027436125952376425
-931.9005800902003	0.0027849973269848975
-922.0686877204569	0.002869384266256707
-902.4049029809702	0.0030447814878723414
-863.0773335019967	0.003423307545322673
-861.7451560168306	0.0034368026843229794
-860.4129785316645	0.0034503430953561343
-857.7486235613322	0.003477560182448502
-852.4199136206678	0.0035325425652707534
-841.7624937393389	0.0036447254619637985
-820.4476539766811	0.0038781686908981802
-777.8179744513653	0.004383098711135992
-776.5101570424531	0.004399426518697951
-775.2023396335408	0.004415805848908674
-772.5867048157161	0.004448719749583982
-767.3554351800669	0.004515173417309164
-756.8928959087684	0.004650626957084486
-735.9678173661714	0.004932136522411312
-734.6599999572591	0.004950220595263094
-733.3521825483467	0.004968364381964914
-730.7365477305221	0.005004832738209293
-725.5052780948729	0.005078504889879029
-715.0427388235744	0.00522890338283236
-694.1176602809774	0.005543102253609725
-692.8979784559199	0.005562023474279476
-691.6782966308624	0.00558101709797211
-689.2389329807473	0.005619225636370975
-684.3602056805173	0.005696558362353429
-674.6027510800573	0.005855161680383247
-655.0878418791372	0.0061909152917989695
-653.8681600540797	0.0062128578567157335
-652.6484782290222	0.006234927003723623
-650.2091145789071	0.006279455607938313
-645.3303872786771	0.006370151998413943
-635.5729326782171	0.0065587879692799115
-616.058023477297	0.006971609512976089
-614.7351507132912	0.007001641348242398
-613.4122779492856	0.007031967734368674
-610.7665324212742	0.007093531131849365
-605.4750413652514	0.007220495460764019
-594.8920592532057	0.007491420238467259
-593.5691864892001	0.00752702908159744
-592.2463137251943	0.007563051795619384
-589.6005681971828	0.007636371269666562
-584.3090771411601	0.007788335093434269
-573.7260950291145	0.008115389753488342
-572.4032222651088	0.008158595898400836
-571.0803495011031	0.00820234426895822
-568.4346039730917	0.00829149691828207
-563.143112917069	0.008476619545253061
-552.5601308050233	0.008875459814748689
-551.2372580410176	0.008928085669964692
-549.9143852770119	0.008981337558118632
-547.2686397490004	0.009089725338196348
-541.9771486929776	0.009314041819302161
-531.394166580932	0.009792222769719807
-530.1594294007812	0.009850468352412194
-528.9246922206303	0.009909198630342135
-526.4552178603285	0.010028069277636265
-521.5162691397248	0.01027108301342966
-511.6383716985177	0.010774239212650775
-510.40363451836674	0.01083829523241144
-509.16889733821586	0.010902515695445116
-506.6994229779141	0.011031317334857267
-501.76047425731053	0.011289330971771504
-491.8825768161033	0.011797020847745967
-490.64783963595244	0.011858668053487322
-489.41310245580155	0.011919707232263882
-486.9436280954997	0.012039683931346313
-482.0046793748961	0.012269128129568634
-480.7699421947452	0.012323827110996579
-479.53520501459434	0.012377286868583215
-477.06573065429257	0.012480114170251692
-475.8309934741417	0.012529286099256956
-474.5962562939908	0.01257682744253976
-472.12678193368896	0.012666589008263314
-470.892044753538	0.01270858555048059
-469.65730757338713	0.01274850401779443
-468.42257039323624	0.012786223283058687
-467.18783321308536	0.012821618390591007
-465.95309603293447	0.012854560494146494
-464.7183588527836	0.012884916795756516
-463.4836216726327	0.012912550485524412
-462.2488844924818	0.012937320682470485
-461.0141473123309	0.012959082376522891
-459.77941013218003	0.012977686371751259
-458.54467295202915	0.01299297923094467
-457.3099357718782	0.013004803221635544
-456.07519859172726	0.013012996263675821
-454.84046141157637	0.013017391878471259
-453.6057242314255	0.013017819139984621
-452.3709870512746	0.013014102627619761
-451.0330589321755	0.01300518888811856
-449.6951308130764	0.012990963408784162
-448.35720269397734	0.01297118477930674
-447.01927457487824	0.012945605154271303
-445.68134645577913	0.01291397019992395
-444.3434183366801	0.01287601904571007
-443.005490217581	0.012831484240024393
-441.6675620984819	0.012780091710711042
-440.3296339793828	0.01272156073048801
-438.9917058602837	0.012655603887527556
-437.65377774118457	0.012581927061426555
-436.31584962208547	0.012500229404800764
-434.97792150298636	0.012410203330743608
-433.63999338388726	0.012311534506387889
-430.9641371456891	0.01208697755154338
-429.62620902659	0.011960427057877171
-428.28828090749096	0.011823909121300484
-426.95035278839185	0.011677075813224518
-425.61242466929275	0.011519572562299747
-424.27449655019365	0.011351038197550602
-422.93656843109454	0.011171104999580295
-420.26071219289634	0.010775538849966737
-418.92278407379723	0.010559138296163423
-417.5848559546981	0.01032980386764916
-414.9089997165	0.00983072975334598
-413.5710715974009	0.009560173220539217
-412.2331434783018	0.009275049358051138
-409.5572872401036	0.008659402511790704
-408.2193591210045	0.00832801727045935
-406.8814310019054	0.007980340507033265
-404.20557476370726	0.007234331265404431
-402.86764664460816	0.006835096290963655
-401.5297185255091	0.006417765215149779
-398.8538622873109	0.005526961905340383
-397.5159341682118	0.00505255355519621
-396.1780060491127	0.004558177381143391
-393.50214981091455	0.0035076123425505645
-388.1504373345182	0.0011457213921955145
-386.8125092154191	0.0004980852310799144
-385.47458109632	-0.0001733950613093671
-382.79872485812183	-0.0015898510230457352
-381.4607967390227	-0.0023358081364048544
-380.1228686199237	-0.0031075714446986147
-377.4470123817255	-0.0047304702703004076
-376.10908426262637	-0.0055825782410751645
-374.77115614352726	-0.0064624363813204355
-372.09529990532906	-0.008307318679104392
-366.7435874289327	-0.012350932052113212
-365.43001938608745	-0.013418166020137179
-364.11645134324215	-0.01451571818953623
-361.48931525755154	-0.016803424215262347
-356.23504308617044	-0.021760329093689745
-354.92147504332513	-0.023081238138920143
-353.6079070004798	-0.024435536307502337
-350.9807709147893	-0.027245642166968786
-345.7264987434081	-0.03328057391584627
-344.4129307005628	-0.0348773535075631
-343.0993626577175	-0.03650985603402457
-340.47222657202695	-0.03988290718801216
-335.2179544006458	-0.04706632507764
-324.7094100578835	-0.06320647180668558
-323.39584201503817	-0.0653906894122042
-322.08227397219287	-0.06761174061886553
-319.4551378865023	-0.07216376864440117
-314.20086571512115	-0.0817018763817418
-303.6923213723589	-0.10244301205570855
-302.37875332951364	-0.1051831223021055
-301.06518528666834	-0.10795412405881077
-298.43804920097773	-0.11358610941308829
-293.1837770295966	-0.12518903460222228
-282.6752326868343	-0.14955007811217716
-281.4498002278438	-0.1524723988754131
-280.2243677688533	-0.15540834923350275
-277.7735028508724	-0.16131689553926476
-272.87177301491045	-0.17324912547339022
-263.0683133429866	-0.1972966885515901
-261.8428808839961	-0.20029343319586648
-260.6174484250056	-0.20328328204901236
-258.16658350702465	-0.20923612975129907
-253.26485367106272	-0.2209897709770569
-243.46139399913883	-0.2435103389534072
-242.23596154014837	-0.24619825311612661
-241.01052908115787	-0.24885174197642457
-238.55966416317688	-0.2540478213894985
-233.65793432721495	-0.26394216482963356
-232.43250186822445	-0.2663005835460244
-231.20706940923398	-0.26860896067818985
-228.75620449125302	-0.2730675641288608
-223.85447465529109	-0.2812956053228396
-222.6290421963006	-0.2831972020257986
-221.40360973731012	-0.2850325654702467
-218.95274481932915	-0.28849645927420525
-217.72731236033866	-0.29012092977304227
-216.5018799013482	-0.29167105006006594
-214.05101498336722	-0.29454018029327794
-212.82558252437673	-0.2958551813000383
-211.60015006538626	-0.29708781713761945
-210.3747176063958	-0.29823611085237683
-209.1492851474053	-0.29929809918378847
-207.9238526884148	-0.3002718340801722
-206.69842022942433	-0.3011553842277752
-205.47298777043386	-0.3019468365921585
-204.24755531144336	-0.3026442979707702
-202.91893191350468	-0.3032921209491698
-201.590308515566	-0.3038249019694616
-200.26168511762734	-0.30424032011703184
-198.93306171968865	-0.30453609095543094
-197.60443832174997	-0.30470996891126173
-196.2758149238113	-0.3047597496650209
-194.94719152587263	-0.30468327254561717
-193.61856812793394	-0.3044784229262486
-192.28994472999526	-0.304143134619285
-190.96132133205657	-0.30367539226775836
-189.6326979341179	-0.3030732337310372
-188.30407453617923	-0.30233475246221964
-186.97545113824054	-0.30145809987476085
-185.6468277403019	-0.30044148769581075
-184.3182043423632	-0.29928319030372375
-182.98958094442452	-0.2979815470471758
-181.66095754648583	-0.2965349645433027
-180.33233414854715	-0.29494191895226207
-179.0037107506085	-0.2932009582256049
-177.6750873526698	-0.2913107043258303
-176.34646395473112	-0.28926985541449696
-175.01784055679246	-0.2870771880062478
-172.3605937609151	-0.2822319081874811
-171.0319703629764	-0.27957725942802036
-169.70334696503772	-0.27676672350107584
-167.04610016916038	-0.2706748774113844
-165.7174767712217	-0.2673922387591672
-164.38885337328304	-0.2639510595894246
-161.73160657740567	-0.25659146393457066
-160.402983179467	-0.25267248478014964
-159.0743597815283	-0.24859384291879924
-156.41711298565096	-0.23995755793547482
-155.08848958771227	-0.23540016825518337
-153.75986618977362	-0.23068362534365966
-151.10261939389625	-0.22077475790967213
-149.77399599595756	-0.21558354432783985
-148.44537259801888	-0.21023540136008956
-145.78812580214154	-0.19907176577456584
-140.47363221038682	-0.17490546978661012
-139.14500881244814	-0.16848841829878716
-137.81638541450945	-0.16192425661018686
-135.1591386186321	-0.14836168167609362
-129.8446450268774	-0.11955549886841427
-119.21565784336799	-0.055762131215908436
-117.97517002928413	-0.04783096970426889
-116.73468221520025	-0.03980745380338195
-114.2537065870325	-0.02349482884928975
-109.29175533069701	0.010108267917947195
-99.36785281802602	0.08048990881364285
-79.52004779268404	0.22725798545741283
-78.27955997860016	0.2364077714161788
-77.03907216451628	0.24552904233450992
-74.55809653634854	0.2636684739613646
-69.59614528001305	0.29941163326292847
-59.672242767342055	0.3677722017311118
-58.43175495325818	0.37593962709882167
-57.19126713917431	0.38400893182148815
-54.71029151100656	0.3998365237906912
-49.748340254671064	0.4301333610792629
-48.507852440587186	0.4374013156325669
-47.267364626503316	0.44453899747898035
-44.78638899833557	0.45840845795845786
-39.82443774200008	0.4844217282353601
-38.60831000417001	0.49042634334847207
-37.392182266339944	0.496278478970044
-34.9599267906798	0.5075132154821026
-33.74379905284973	0.5128899573063642
-32.52767131501966	0.5181025056289716
-30.095415839359525	0.5280241794564162
-28.879288101529454	0.5327280927499538
-27.663160363699387	0.5372573918133591
-25.230904888039248	0.5457826814315715
-24.014777150209177	0.5497741656703321
-22.79864941237911	0.5535820262603259
-20.36639393671897	0.5606388948587753
-19.1502661988889	0.5638841538043663
-17.934138461058833	0.5669382936623576
-16.718010723228765	0.5697996875807155
-15.501882985398694	0.5724668099538083
-14.285755247568625	0.5749382375196513
-13.069627509738556	0.5772126503844179
-11.853499771908488	0.5792888329733009
-10.63737203407842	0.5811656749068517
-9.42124429624835	0.5828421718020186
-8.20511655841828	0.5843174259971532
-6.988988820588212	0.5855906472003283
-5.772861082758143	0.5866611530603837
-4.556733344928074	0.5875283696601794
-3.3406056070980052	0.5881918319316137
-2.1244778692679365	0.5886511839920235
-0.9083501314378672	0.5889061794016689
0.30777760639220175	0.5889566813420628
1.5239053442222708	0.5888026627149875
2.7400330820523395	0.5884442061621069
3.9561608198824088	0.5878815040051557
5.172288557712477	0.5871148581067627
6.388416295542546	0.5861446796520317
7.6045440333726155	0.5849714888510774
8.820671771202685	0.5835959145627915
10.036799509032754	0.5820186938401722
11.252927246862821	0.5802406713976364
12.46905498469289	0.5782627990007918
13.68518272252296	0.5760861347792241
14.901310460353029	0.5737118424629225
16.1174381981831	0.57114119054303
18.549693673843237	0.5654164001037522
19.765821411673308	0.5622653137754133
20.981949149503375	0.558923970030444
23.414204625163514	0.5516777169402328
24.630332362993585	0.5477766550349609
25.846460100823652	0.5436930278371814
28.27871557648379	0.5349868160390007
29.49484331431386	0.530368830083882
30.71097105214393	0.5255774728498565
33.14322652780407	0.5154848151523657
38.007737479124344	0.4933356101523756
39.32705615590261	0.48689577379758453
40.64637483268087	0.48027864176274604
43.285012186237395	0.4665287258833518
48.56228689335045	0.4370850919566335
59.11683630757656	0.37144088444707796
60.43615498435483	0.36269557794763496
61.75547366113309	0.3538469954622564
64.39411101468961	0.33586054229781764
69.67138572180266	0.2988760175446576
80.22593513602878	0.2220403345371252
81.54525381280703	0.2122702594968945
82.8645724895853	0.20248093135757858
85.50320984314183	0.18286534674628652
90.7804845502549	0.14363054553790183
101.335033964481	0.06626361218256065
102.65435264125927	0.05678951179828055
103.97367131803753	0.047374368086607214
106.61230867159405	0.028738361920274205
111.8895833787071	-0.007639156787851883
122.44413279293322	-0.07595099830465275
123.67531588585669	-0.08347060971020431
124.90649897878015	-0.0908873589347549
127.36886516462707	-0.10540297081231856
132.2935975363209	-0.1331021101511881
133.52478062924436	-0.13973772785260688
134.75596372216782	-0.1462540179520154
137.21832990801474	-0.15892196613417106
142.14306227970857	-0.18275752185702665
143.37424537263203	-0.18839611579918059
144.6054284655555	-0.19390428151286404
147.0677946514024	-0.20452538114909463
148.29897774432587	-0.20963655070051324
149.53016083724933	-0.21461376253181394
151.99252702309624	-0.22416369595508898
153.2237101160197	-0.2287353136448194
154.45489320894316	-0.2331707646119874
156.91725939479008	-0.2416318454452553
161.84199176648391	-0.2569098817812664
163.0731748594074	-0.2603867561469182
164.30435795233086	-0.2637268412281823
166.76672413817778	-0.26999776022307564
167.99790723110124	-0.27292933116348084
169.2290903240247	-0.27572558456165003
171.6914565098716	-0.2809143736152976
172.92263960279507	-0.28330819332858886
174.15382269571853	-0.2855692610219557
175.385005788642	-0.287698379450237
176.61618888156545	-0.2896964132172745
177.8473719744889	-0.29156428737553597
179.07855506741237	-0.2933029859996159
180.30973816033583	-0.2949135507351537
181.54092125325928	-0.29639707932471837
182.77210434618274	-0.2977547241122066
184.0032874391062	-0.2989876905273028
185.23447053202966	-0.3000972355515413
186.46565362495312	-0.3010846661675167
187.69683671787658	-0.3019513377927725
188.92801981080004	-0.3026986526998982
190.1592029037235	-0.303328058424355
191.39038599664696	-0.3038410461615382
192.62156908957041	-0.3042391491545745
193.85275218249387	-0.304523941074343
195.08393527541733	-0.3046970343931869
196.3151183683408	-0.30476007875377625
197.54630146126425	-0.3047147593345596
198.7774845541877	-0.3045627952132265
200.00866764711117	-0.30430593772958525
201.23985074003463	-0.3039459688492376
202.57422477190627	-0.3034414952678833
203.90859880377792	-0.30282037095565795
205.2429728356496	-0.3020849729793418
206.57734686752124	-0.3012377113069636
207.9117208993929	-0.3002810263991634
209.24609493126457	-0.2992173868150104
210.5804689631362	-0.2980492868343862
211.91484299500786	-0.2967792440989986
213.2492170268795	-0.2954097972740334
214.58359105875115	-0.293943503732389
217.25233912249448	-0.2907306858078151
218.58671315436612	-0.28898934922100905
219.9210871862378	-0.2871615370657565
222.5898352499811	-0.28325695981736193
223.92420928185274	-0.28118544297269404
225.2585833137244	-0.2790379428763105
227.9273313774677	-0.2745254946980609
233.26482750495433	-0.2647040523859604
234.59920153682597	-0.2620979090558655
235.93357556869762	-0.25943660604722835
238.60232363244094	-0.2539587084635082
243.93981975992756	-0.2424520045440008
245.2741937917992	-0.2394749410928878
246.60856782367085	-0.23646255798797686
249.27731588741418	-0.23034128838695428
254.6148120149008	-0.2177772530216122
265.289804269874	-0.19185140318919044
286.6397887798205	-0.14020108238141107
287.9498027354383	-0.13715115671747152
289.2598166910562	-0.13412259531530946
291.8798446022919	-0.12813371006101104
297.1199004247633	-0.11645567385541446
307.60001206970605	-0.09448015707888507
308.9100260253239	-0.09187569742516102
310.22003998094175	-0.0893047072388621
312.84006789217744	-0.08426488662286995
318.08012371464883	-0.0746042940859723
328.5602353595917	-0.057016447398780104
329.87024931520955	-0.05498331388062529
331.18026327082737	-0.05298709575424672
333.8002911820631	-0.04910531317413619
339.0403470045345	-0.04178244506759901
340.35036096015233	-0.040042890206372306
341.6603749157702	-0.03833949659164168
344.2804028270059	-0.035040435051679836
349.5204586494773	-0.028866943399091877
350.8304726050951	-0.02741054178478125
352.140486560713	-0.025988357203786255
354.7605144719487	-0.0232453877064593
360.0005702944201	-0.018155612747006555
361.3105842500379	-0.016963609969766202
362.62059820565577	-0.0158030264446532
365.24062611689146	-0.013574533274614997
370.48068193936285	-0.00947674319814057
371.7025603111259	-0.008587826866801318
372.92443868288893	-0.007723361723105671
375.368195426415	-0.006066347565114039
376.5900737981781	-0.005273072878430651
377.81195216994115	-0.004502798685676518
380.25570891346723	-0.003029776777880272
381.47758728523024	-0.0023262877526776526
382.6994656569933	-0.0016443171902544018
385.14322240051945	-0.00034343835312172777
390.0307358875716	0.002016534887527205
391.2526142593347	0.002558333937606211
392.4744926310977	0.003081599199476953
394.91824937462377	0.004074007231130938
396.14012774638684	0.004543885674514803
397.36200611814985	0.0049967012743589445
399.80576286167593	0.005852594471945749
401.027641233439	0.00625639166373701
402.249519605202	0.006644564857154048
404.6932763487281	0.007375449865575194
405.91515472049116	0.007718859705057833
407.1370330922542	0.008048041309305712
409.5807898357803	0.008665080802352412
410.8026682075433	0.008953610569192597
412.0245465793064	0.009229255625152866
414.4683033228325	0.00974319501518773
415.6901816945956	0.009982131368886121
416.9120600663586	0.010209466869859338
419.3558168098847	0.010630574847116617
420.57769518164775	0.010824956582396496
421.79957355341077	0.011008955848709603
423.0214519251738	0.011182866475475936
424.24333029693685	0.011346977870459539
425.4652086686999	0.011501574971531252
426.6870870404629	0.011646938203531763
429.130843783989	0.01191106197038036
430.3527221557521	0.012030360470343414
431.5746005275151	0.012141500978814355
432.7964788992781	0.012244740877852697
434.01835727104117	0.012340332877487106
435.24023564280424	0.012428525004629355
436.4621140145673	0.01250956059604455
437.6839923863304	0.012583678295244649
438.9058707580934	0.012651112053178374
440.1277491298564	0.012712091132587325
441.34962750161947	0.012766840115899278
442.57150587338253	0.01281557891653378
443.7933842451456	0.012858522793490049
445.0152626169087	0.012895882369096112
446.2371409886717	0.01292786364979158
447.4590193604347	0.0129546680498231
448.68089773219776	0.012976492417730842
450.005967042909	0.012994754623215417
451.3310363536202	0.01300762549216081
452.65610566433145	0.013015338126097759
453.98117497504273	0.01301811950259166
455.306244285754	0.013016190533969367
456.63131359646525	0.01300976612935558
457.9563829071765	0.012999055259878822
459.2814522178877	0.012984261026858327
460.60652152859893	0.012965580732785385
461.93159083931016	0.012943205954918102
463.2566601500214	0.012917322621312679
464.5817294607327	0.012888111089116418
465.90679877144396	0.012855746224953677
467.2318680821552	0.012820397487238788
469.88200670357764	0.012741399689846528
471.2070760142889	0.012698063270554373
472.5321453250001	0.01265236843407765
475.1822839464226	0.012554473460850478
480.4825611892676	0.012336383692845544
481.8076304999788	0.012277936793809872
483.13269981069004	0.012218149604261963
485.7828384321125	0.012094979194484675
491.08311567495747	0.011837001796186977
492.40818498566875	0.011770610382980516
493.73325429638	0.011703626088773055
496.38339291780244	0.011568182592338083
501.68367016064735	0.0112933372899479
512.2842246463373	0.01074080942565641
533.4853336177172	0.009694709790378217
534.7222673445735	0.009637714905650166
535.95920107143	0.009581237977499865
538.433068525143	0.009469863053890885
543.3808034325687	0.009253560610747303
553.2762732474202	0.008847231027426081
554.5132069742767	0.008798903139109516
555.7501407011331	0.008751116954647916
558.2240081548459	0.008657157979253429
563.1717430622717	0.008475592903873404
573.0672128771232	0.008136842091804338
574.3041466039797	0.008096678423608712
575.541080330836	0.00805697934996243
578.0149477845489	0.007978949732847776
582.9626826919747	0.007828183587866808
592.8581525068262	0.007546339056687318
612.6490921365291	0.007049600099147326
613.8616657871318	0.007021632229376193
615.0742394377344	0.006993915552963345
617.4993867389396	0.006939215281306432
622.3496813413502	0.006832608184824288
632.0502705461713	0.006629527538500973
651.4514489558134	0.006256711883505465
652.664022606416	0.006234644933704143
653.8765962570187	0.006212705654288569
656.301743558224	0.0061691998652762545
661.1520381606344	0.006083611382484816
670.8526273654554	0.005917635297952556
690.2538057750976	0.005603293147544833
691.5695703646484	0.005582713797962269
692.8853349541993	0.005562219993438214
695.5168641333009	0.00552148397194667
700.7799224915042	0.005440985314819359
711.3060392079108	0.00528364992544263
732.358272640724	0.004982193409906806
774.4627395063504	0.004425091598785742
775.6903685120465	0.004409687654853618
776.9179975177424	0.0043943292010754295
779.3732555291344	0.004363748216898146
784.2837715519186	0.004303126244460803
794.1048035974868	0.004184014414341429
813.7468676886231	0.003954116966710618
853.0309958708958	0.0035262000580863415
854.36181581554	0.0035124207775776954
855.6926357601842	0.003498687298864697
858.3542756494727	0.003471357297457584
863.6775554280496	0.0034172419796627794
874.3241149852033	0.0033111650553517523
895.6172340995108	0.0031074268684311308
938.2034723281257	0.0027320330715413406
939.4461566889152	0.0027216938405950457
940.6888410497045	0.0027113884123240667
943.1742097712834	0.0026908786133180707
948.1449472144411	0.0026502607961636704
958.0864221007564	0.0025706127557395845
977.969371873387	0.002417511929570626
1017.7352714186482	0.0021348706281525565
1018.9535957031837	0.002126685112628042
1020.1719199877193	0.0021185268764914345
1022.6085685567906	0.00210229193668427
1027.481865694933	0.0020701460537551515
1037.228459971218	0.0020071333115360118
1056.7216485237875	0.0018860899031376587
1095.7080256289269	0.0016628875215640962
1097.0295408524107	0.0016557420725177548
1098.3510560758946	0.0016486232638206373
1100.994086522862	0.0016344652212447305
1106.2801474167973	0.0016064650229242062
1116.8522692046677	0.0015517090423109625
1137.9965127804085	0.0014470244078586356
1180.28499993189	0.0012558056745935416
1181.518379571519	0.0012505722997840476
1182.751759211148	0.0012453576635699745
1185.218518490406	0.0012349843678882003
1190.152037048922	0.0012144600188719742
1200.019074165954	0.001174287102373345
1219.7531484000178	0.0010973409470520293
1220.9865280396468	0.0010926783078174102
1222.2199076792758	0.0010880325694644158
1224.6866669585338	0.0010787915758146416
1229.6201855170498	0.0010605099919799993
1239.4872226340817	0.0010247363329856096
1259.2212968681458	0.0009562521934977086
1260.5578674467229	0.0009517574903817327
1261.8944380253001	0.0009472806512509785
1264.5675791824547	0.0009383803095162208
1269.9138614967633	0.0009207911952282613
1280.606426125381	0.0008864451931873095
1301.9915553826158	0.0008209723043575371
1303.328125961193	0.0008170185203639577
1304.6646965397704	0.0008130806517138069
1307.3378376969247	0.0008052524295718601
1312.6841200112335	0.0007897844401345017
1323.376684639851	0.0007595895878315523
1344.761813897086	0.0007020652665756869
1346.0740243994096	0.0006986561800915031
1347.386234901733	0.000695260739511136
1350.0106559063797	0.0006885105991158713
1355.2594979156731	0.0006751719116736485
1365.7571819342602	0.000649130085233797
1386.7525499714343	0.0005995041222297689
1388.0647604737578	0.0005965080422301526
1389.376970976081	0.0005935241086737627
1392.001391980728	0.0005875925036460466
1397.2502339900213	0.0005758731094639982
1407.7479180086084	0.0005529998473496715
1428.7432860457827	0.0005094394531798968
1429.9673609642514	0.0005069869973989005
1431.1914358827198	0.0005045439404661178
1433.6395857196571	0.0004996858938436932
1438.5358853935313	0.0004900811701202996
1448.3284847412801	0.0004713100893911637
1467.9136834367773	0.0004354658307179904
1469.1377583552458	0.0004332985857515171
1470.3618332737144	0.00043113975344317816
1472.8099831106515	0.0004268472099790699
1477.706282784526	0.00041836179514576945
1487.4988821322745	0.0004017832316816662
1507.084080827772	0.0003701450193788281
1508.4113466851886	0.00036807209204970173
1509.7386125426056	0.00036600800655806585
1512.393144257439	0.00036190622689550797
1517.7022076871062	0.0003538073001151049
1528.3203345464403	0.000338020612675764
1549.5565882651088	0.00030803452105450873
1550.8838541225255	0.00030622844977630466
1552.2111199799424	0.0003044302024729314
1554.8656516947758	0.0003008570599217836
1560.174715124443	0.0002938033498717902
1570.7928419837772	0.00028005965249777026
1592.0290957024456	0.00025397591072886773
1593.2682259760077	0.0002525098881870323
1594.5073562495695	0.0002510498945371657
1596.9856167966936	0.00024814790689176155
1601.9421378909415	0.00024241532517225197
1611.855180079437	0.00023123095662806967
1631.6812644564288	0.0002099481203990724
1632.9203947299907	0.00020866457911633812
1634.1595250035527	0.0002073864052934025
1636.6377855506767	0.00020484608194497583
1641.5943066449245	0.0001998289895456403
1651.5073488334203	0.00019004473328651473
1671.3334332104118	0.00017144247904803123
1672.54820340772	0.00017034331945681082
1673.762973605028	0.00016924874818657014
1676.1925139996445	0.00016707330456746546
1681.051594788877	0.0001627767537936257
1690.7697563673426	0.0001543973699504477
1710.2060795242733	0.00013846516649446353
1711.4208497215814	0.0001375049045998825
1712.6356199188895	0.00013654872880442242
1715.0651603135059	0.00013464857621764507
1719.9242411027385	0.00013089665482020606
1729.642402681204	0.00012358309092490912
1749.0787258381347	0.00010969168212894087
1750.396686974391	0.00010878415980799735
1751.7146481106474	0.00010788091551188579
1754.3505703831602	0.00010608719308972774
1759.6224149281857	0.00010255034104923581
1770.1661040182364	0.00009567528435421935
1791.2534821983381	0.00008269077039130421
1792.5714433345945	0.0000819120160393079
1793.8894044708509	0.00008113702560077175
1796.5253267433636	0.00007959827606106036
1801.797171288389	0.00007656528262614591
1812.34086037844	0.00007067400702273575
1833.4282385585418	0.00005956453902871447
1834.6580641109435	0.00005894340701142163
1835.887889663345	0.00005832515539823781
1838.347540768148	0.000057097249827920164
1843.266842977754	0.00005467552655254561
1853.1054473969666	0.000049966040919546643
1872.7826562353916	0.000041064280791877975
1874.0124817877931	0.00004053009996722362
1875.2423073401947	0.000039998468980651045
1877.701958444998	0.000038942817551045235
1882.6212606546042	0.000036861685941008975
1892.4598650738167	0.00003281796812172997
1912.1370739122415	0.000025188034013704874
1913.5099308568524	0.000024677740364086628
1914.8827878014636	0.000024170254170031275
1917.6285016906854	0.000023163655684490733
1923.1199294691296	0.00002118361774243059
1934.102785026018	0.000017353525023835017
1956.0684961397942	0.000010192671111014647
1957.4413530844054	9.766432499045476e-6
1958.8142100290163	9.342636219825622e-6
1961.5599239182384	8.502327994870245e-6
1967.0513516966823	6.850552587109931e-6
1978.0342072535705	3.6600303242863513e-6
1979.4070641981816	3.2716111194594615e-6
1980.7799211427925	2.8854683737895686e-6
1983.5256350320146	2.119972196570448e-6
1989.0170628104588	6.158588325936497e-7
1990.38991975507	2.4537275927024997e-7
1991.762776699681	-1.2291597570346436e-7
1994.508490588903	-8.52940263955448e-7
1995.881347533514	-1.2146951395935628e-6
1997.2542044781248	-1.5742913217025205e-6
1998.627061422736	-1.9317383779377415e-6
1999.999918367347	-2.2870458382871674e-6