-9.999999591836735	-1.6923180494433053e-8
-9.993865641839172	-1.698678859076222e-8
-9.98773169184161	-1.7050401212768095e-8
-9.975463791846487	-1.7178253161082176e-8
-9.95092799185624	-1.743851600142089e-8
-9.901856391875743	-1.7957663752494676e-8
-9.803713191914753	-1.896048829996399e-8
-9.797579241917191	-1.9021723187675685e-8
-9.79144529191963	-1.908226685129119e-8
-9.779177391924506	-1.9201550348867114e-8
-9.754641591934258	-1.9436861011857577e-8
-9.705569991953762	-1.991297655002007e-8
-9.607426791992772	-2.0794739355044396e-8
-9.60077688730047	-2.085322857469686e-8
-9.594126982608167	-2.0911126218190607e-8
-9.580827173223561	-2.1024345551621734e-8
-9.55422755445435	-2.1238543773281424e-8
-9.501028316915926	-2.1645920919078666e-8
-9.494378412223622	-2.1696347087609173e-8
-9.487728507531319	-2.1746217406448318e-8
-9.474428698146713	-2.1843374374682853e-8
-9.447829079377502	-2.2023791538313547e-8
-9.39462984183908	-2.2350649601498435e-8
-9.387979937146778	-2.2390423913814378e-8
-9.381330032454475	-2.2429657570285574e-8
-9.36803022306987	-2.2505546520574377e-8
-9.361380318377567	-2.2541762363615866e-8
-9.354730413685264	-2.2576616095278806e-8
-9.341430604300657	-2.264207142393601e-8
-9.334780699608352	-2.2672800775562236e-8
-9.32813079491605	-2.27024027286667e-8
-9.314830985531444	-2.275907718188308e-8
-9.288231366762233	-2.2867123743598033e-8
-9.28158146206993	-2.289329513531198e-8
-9.274931557377627	-2.291890257351964e-8
-9.268281652685324	-2.2943722318737036e-8
-9.261631747993022	-2.2967508064245662e-8
-9.254981843300719	-2.2990023113532432e-8
-9.248331938608416	-2.301107185309311e-8
-9.241682033916113	-2.303052424216059e-8
-9.23503212922381	-2.3048333408384573e-8
-9.228382224531508	-2.306453908548431e-8
-9.221732319839205	-2.3079261225874767e-8
-9.215082415146902	-2.309268122492776e-8
-9.2084325104546	-2.3105015272827534e-8
-9.201782605762297	-2.3116482261590146e-8
-9.195132701069994	-2.3127271939985677e-8
-9.181832891685387	-2.3147269616460506e-8
-9.175623664912358	-2.315590496063634e-8
-9.16941443813933	-2.316398938070549e-8
-9.163205211366302	-2.3171373510146205e-8
-9.156995984593273	-2.317787012101266e-8
-9.150786757820244	-2.3183274251064104e-8
-9.144577531047215	-2.3187387524371134e-8
-9.138368304274186	-2.319004006596896e-8
-9.132159077501157	-2.3191110008497634e-8
-9.125949850728128	-2.3190536384883748e-8
-9.1197406239551	-2.3188325703050842e-8
-9.11353139718207	-2.3184549067687896e-8
-9.107322170409041	-2.3179332655207975e-8
-9.101112943636013	-2.3172840778185044e-8
-9.094903716862984	-2.3165254616885206e-8
-9.088694490089955	-2.3156748746181247e-8
-9.082485263316926	-2.3147468488087138e-8
-9.076276036543897	-2.3137510509255426e-8
-9.070066809770868	-2.3126910013784863e-8
-9.063857582997839	-2.3115634147042805e-8
-9.05764835622481	-2.3103584766669127e-8
-9.051439129451781	-2.3090608467380563e-8
-9.045229902678752	-2.3076513308096028e-8
-9.039020675905723	-2.3061090512405732e-8
-9.032811449132694	-2.3044137844891593e-8
-9.026602222359665	-2.3025482696501995e-8
-9.020392995586636	-2.3005001174424694e-8
-9.014183768813608	-2.298263129937514e-8
-9.007974542040579	-2.2958379265834022e-8
-9.00176531526755	-2.2932316665730777e-8
-8.99555608849452	-2.2904570821371747e-8
-8.983137634948463	-2.2844706255159553e-8
-8.976928408175434	-2.2812944361697007e-8
-8.970719181402405	-2.278016567633205e-8
-8.958300727856347	-2.2711876801343248e-8
-8.952091501083318	-2.267636294885078e-8
-8.94588227431029	-2.2639822128134313e-8
-8.933463820764231	-2.256298890990693e-8
-8.927254593991202	-2.2522287151591214e-8
-8.921045367218174	-2.2479784901607847e-8
-8.908626913672116	-2.2388725659158986e-8
-8.902417686899087	-2.2339979599236056e-8
-8.896208460126058	-2.228907399588146e-8
-8.88379000658	-2.218112834986158e-8
-8.877580779806971	-2.2124382260697156e-8
-8.871371553033942	-2.2066025342712143e-8
-8.858953099487884	-2.19451473577521e-8
-8.834116192395769	-2.1688779619716617e-8
-8.82790696562274	-2.1621329126609093e-8
-8.82169773884971	-2.1552200764936996e-8
-8.809279285303653	-2.1408047221776506e-8
-8.784442378211539	-2.1091726273066852e-8
-8.778354951819779	-2.1008244179866742e-8
-8.77226752542802	-2.0922576441338714e-8
-8.7600926726445	-2.0745326661611356e-8
-8.73574296707746	-2.037135317291966e-8
-8.7296555406857	-2.0274217010958495e-8
-8.72356811429394	-2.0175530205594587e-8
-8.71139326151042	-1.997286928510575e-8
-8.687043555943381	-1.9540888988845394e-8
-8.680956129551621	-1.942640520755795e-8
-8.674868703159863	-1.9309200191032494e-8
-8.662693850376343	-1.906687260464987e-8
-8.638344144809302	-1.855452911193184e-8
-8.589644733675224	-1.7436675384162673e-8
-8.583557307283463	-1.7286384488331835e-8
-8.577469880891705	-1.7133143448248844e-8
-8.565295028108185	-1.6817455042276996e-8
-8.540945322541145	-1.615023811983151e-8
-8.492245911407066	-1.4699172563585237e-8
-8.486158485015306	-1.4507051617059993e-8
-8.480071058623547	-1.4312010607024639e-8
-8.467896205840027	-1.3912361401802187e-8
-8.443546500272987	-1.3071745047499306e-8
-8.394847089138908	-1.1241861196716746e-8
-8.388243708052407	-1.0980529270565587e-8
-8.381640326965908	-1.071581272077838e-8
-8.368433564792905	-1.0175158117117777e-8
-8.3420200404469	-9.042012189116808e-9
-8.289192991754895	-6.567109842470914e-9
-8.282589610668394	-6.240823901713585e-9
-8.275986229581893	-5.9107941926400676e-9
-8.262779467408892	-5.2385787036382525e-9
-8.23636594306289	-3.8379316261508145e-9
-8.183538894370882	-7.967581113106637e-10
-8.17693551328438	-3.966268103880455e-10
-8.170332132197881	7.713392424779641e-12
-8.157125370024879	8.297071181148641e-10
-8.130711845678874	2.534444902231104e-9
-8.077884796986869	6.215210401293665e-9
-8.071281415900367	6.698732990513903e-9
-8.064678034813866	7.187049112435619e-9
-8.051471272640866	8.178441062036078e-9
-8.025057748294863	1.0226926885341679e-8
-7.972230699602855	1.4626332749787687e-8
-7.966067996435628	1.5164743246733066e-8
-7.959905293268402	1.57079481394006e-8
-7.947579886933948	1.6808736288957584e-8
-7.922929074265041	1.9071627460806302e-8
-7.873627448927227	2.3884845271035163e-8
-7.8674647457599995	2.4514134200015144e-8
-7.861302042592773	2.5149104931670523e-8
-7.848976636258319	2.643555578449628e-8
-7.824325823589412	2.907431063995335e-8
-7.7750241982515975	3.465415037628907e-8
-7.768861495084371	3.538272216223933e-8
-7.762698791917144	3.6118031398088796e-8
-7.750373385582691	3.7608135746024945e-8
-7.725722572913783	4.066264242601702e-8
-7.676420947575968	4.708839955603467e-8
-7.57781769690034	6.134674450211425e-8
-7.571139039038372	6.23815766911701e-8
-7.564460381176405	6.342632034492778e-8
-7.551103065452469	6.55456444016982e-8
-7.524388434004598	6.989952781749653e-8
-7.470959171108856	7.904369349825231e-8
-7.464280513246888	8.023054671210499e-8
-7.457601855384921	8.142807222872087e-8
-7.444244539660985	8.385555161973543e-8
-7.417529908213114	8.88375890680936e-8
-7.364100645317371	9.927930305908482e-8
-7.357421987455403	1.0063129778780064e-7
-7.350743329593435	1.0199466465319132e-7
-7.3373860138695	1.0475622510954863e-7
-7.310671382421628	1.1041779602010814e-7
-7.257242119525886	1.2226051853556687e-7
-7.150383593734402	1.4818682646033443e-7
-7.143826736253703	1.498755681186739e-7
-7.1372698787730045	1.5157637414485578e-7
-7.124156163811607	1.5501530545804676e-7
-7.097928733888812	1.6204552816163366e-7
-7.045473874043222	1.76684722559637e-7
-6.940564154352042	2.0835184434396547e-7
-6.934007296871344	2.104373379216819e-7
-6.927450439390645	2.1253535972847641e-7
-6.914336724429248	2.1677024456077248e-7
-6.888109294506452	2.2540261318347967e-7
-6.835654434660862	2.433081671270477e-7
-6.730744714969682	2.816285493882978e-7
-6.724628535408257	2.839666980194685e-7
-6.718512355846833	2.8631565699685545e-7
-6.706279996723984	2.9104653136670573e-7
-6.681815278478284	3.006461609240908e-7
-6.632885841986887	3.2041821716684077e-7
-6.535026969004091	3.6209608666655954e-7
-6.3393092230385	4.535273596508252e-7
-5.914852630643895	6.753383390966511e-7
-5.908661174307003	6.785984943361717e-7
-5.902469717970112	6.8185362794718e-7
-5.8900868052963276	6.883481001722673e-7
-5.865320979948761	7.012631466230684e-7
-5.815789329253628	7.266663274198426e-7
-5.809597872916736	7.297922495737644e-7
-5.803406416579844	7.329063888665555e-7
-5.791023503906061	7.390987196492435e-7
-5.766257678558494	7.513315774740348e-7
-5.716726027863361	7.750553189939113e-7
-5.71053457152647	7.779378091874942e-7
-5.704343115189578	7.808002182993143e-7
-5.691960202515794	7.864637178089592e-7
-5.667194377168228	7.975376463843081e-7
-5.617662726473094	8.185460281556105e-7
-5.611471270136203	8.21049285859056e-7
-5.605279813799311	8.235226415572588e-7
-5.592896901125528	8.283774932046906e-7
-5.568131075777961	8.377080099181144e-7
-5.518599425082828	8.547280666961268e-7
-5.512529769127205	8.566467186717046e-7
-5.506460113171583	8.585256187753645e-7
-5.494320801260337	8.621607843461434e-7
-5.470042177437847	8.689217560974537e-7
-5.463972521482225	8.705026705783762e-7
-5.457902865526601	8.720387973549376e-7
-5.445763553615356	8.749741513521328e-7
-5.421484929792865	8.802737904425526e-7
-5.415415273837242	8.814736780649729e-7
-5.40934561788162	8.826212198687414e-7
-5.397206305970375	8.847545575705468e-7
-5.391136650014753	8.857381319051557e-7
-5.385066994059129	8.866649618152842e-7
-5.372927682147884	8.883448905944863e-7
-5.366858026192261	8.890964433147172e-7
-5.360788370236639	8.897881158568752e-7
-5.354718714281017	8.904192263072333e-7
-5.348649058325393	8.909890701373554e-7
-5.34257940236977	8.914968836971156e-7
-5.336509746414148	8.919418178573445e-7
-5.330440090458525	8.92322916494269e-7
-5.324370434502903	8.926391085723834e-7
-5.318300778547281	8.928892101038691e-7
-5.312231122591657	8.930719397957481e-7
-5.306161466636034	8.931859432373291e-7
-5.300091810680412	8.93229825350838e-7
-5.294022154724789	8.932021849291992e-7
-5.287952498769167	8.931016507109232e-7
-5.281882842813545	8.929269106119591e-7
-5.275813186857921	8.92676733426588e-7
-5.269743530902298	8.923499811821286e-7
-5.263673874946676	8.91945606992176e-7
-5.2576042189910535	8.914626430043467e-7
-5.251534563035431	8.909001764353756e-7
-5.245464907079809	8.902573186879272e-7
-5.2393952511241855	8.895331695779979e-7
-5.233325595168562	8.887267811995831e-7
-5.22725593921294	8.878371266599166e-7
-5.2211862832573175	8.868630752281196e-7
-5.215116627301695	8.85803379309319e-7
-5.209046971346073	8.846566719966626e-7
-5.2029773153904495	8.834214779443684e-7
-5.196907659434826	8.820962350455505e-7
-5.190838003479204	8.806793245669567e-7
-5.178698691567959	8.775639535600987e-7
-5.172629035612337	8.758622902255648e-7
-5.1665593796567135	8.740626120443518e-7
-5.154420067745468	8.701636491257575e-7
-5.1483504117898455	8.680618096834552e-7
-5.142280755834223	8.65856816752821e-7
-5.1301414439229776	8.611328378912283e-7
-5.123555833272613	8.583922721454356e-7
-5.11697022262225	8.555246360646584e-7
-5.103799001321523	8.494010753538561e-7
-5.097213390671159	8.461411929225838e-7
-5.090627780020796	8.427463333799233e-7
-5.077456558720069	8.35542229792681e-7
-5.070870948069706	8.317281215866511e-7
-5.064285337419342	8.277694181183264e-7
-5.051114116118614	8.194090202068266e-7
-5.02477167351716	8.008585086961904e-7
-5.018186062866796	7.958287570143992e-7
-5.011600452216433	7.90638493951782e-7
-4.998429230915705	7.797684553085904e-7
-4.97208678831425	7.560054172482388e-7
-4.965501177663887	7.496278990366758e-7
-4.958915567013523	7.430700614242189e-7
-4.945744345712796	7.29402282342755e-7
-4.919401903111341	6.99786211459286e-7
-4.9128162924609775	6.918933844468821e-7
-4.906230681810614	6.83800590743326e-7
-4.893059460509886	6.670059298805241e-7
-4.866717017908432	6.309079701204902e-7
-4.860131407258068	6.213437959501775e-7
-4.853545796607705	6.115573594506641e-7
-4.840374575306978	5.913045759524393e-7
-4.814032132705523	5.479917205063276e-7
-4.807446522055159	5.365617420152995e-7
-4.800860911404795	5.248856451438755e-7
-4.787689690104068	5.007843790145517e-7
-4.761347247502615	4.495041983679747e-7
-4.708662362299705	3.3385991261632293e-7
-4.702517429568616	3.191702857177655e-7
-4.696372496837526	3.042199585834932e-7
-4.684082631375347	2.7352693550725414e-7
-4.659502900450988	2.088970677279726e-7
-4.653357967719899	1.9204707124849595e-7
-4.647213034988809	1.7491376789504307e-7
-4.63492316952663	1.3978363771823286e-7
-4.610343438602271	6.597132726650849e-8
-4.604198505871182	4.6758095713357015e-8
-4.598053573140092	2.7234202301761108e-8
-4.585763707677913	-1.2758024736852908e-8
-4.561183976753554	-9.66052170216576e-8
-4.512024514904837	-2.804905287364084e-7
-4.505879582173748	-3.050669147588135e-7
-4.499734649442658	-3.30009942677424e-7
-4.487444783980479	-3.8101111684904075e-7
-4.46286505305612	-4.875751652633144e-7
-4.413705591207403	-7.19761467172131e-7
-4.407560658476314	-7.506492377619585e-7
-4.401415725745224	-7.819659723600891e-7
-4.389125860283045	-8.459042293994419e-7
-4.364546129358686	-9.791205813887518e-7
-4.31538666750997	-1.2678295465985814e-6
-4.30872578008414	-1.309324402474593e-6
-4.30206489265831	-1.3514049796491752e-6
-4.288743117806648	-1.4373487802247197e-6
-4.262099568103325	-1.6165435711421782e-6
-4.2088124686966815	-2.005491841118228e-6
-4.202151581270851	-2.0570907557142205e-6
-4.19549069384502	-2.1093733808587322e-6
-4.182168918993359	-2.2160175191440745e-6
-4.155525369290037	-2.437816295673299e-6
-4.102238269883392	-2.916931734172413e-6
-4.095577382457561	-2.980276505896496e-6
-4.0889164950317305	-3.044411903774767e-6
-4.075594720180069	-3.1750841622377353e-6
-4.048951170476747	-3.446244742469283e-6
-3.9956640710701024	-4.0294332407395735e-6
-3.9890031836442716	-4.106297067436003e-6
-3.982342296218441	-4.184065783995614e-6
-3.96902052136678	-4.3423485967268496e-6
-3.9423769716634576	-4.670116022596066e-6
-3.8890898722568132	-5.372150875822268e-6
-3.882550785212252	-5.462707671493802e-6
-3.87601169816769	-5.55425089342719e-6
-3.862933524078567	-5.740325709304318e-6
-3.8367771759003206	-6.124639067141583e-6
-3.7844644795438285	-6.9435513081897784e-6
-3.7779253924992666	-7.050761362964626e-6
-3.771386305454705	-7.159070163440667e-6
-3.758308131365582	-7.3790114761785805e-6
-3.732151783187336	-7.832388946494087e-6
-3.6798390868308433	-8.794693156647868e-6
-3.673299999786282	-8.920313450302975e-6
-3.6667609127417204	-9.047138336083782e-6
-3.653682738652597	-9.304425704622504e-6
-3.627526390474351	-9.83372435200058e-6
-3.5752136941178585	-0.000010952588036624439
-3.4705883014048737	-0.000013440192495585424
-3.464489892279586	-0.000013595741065873523
-3.4583914831542986	-0.000013752467643670871
-3.4461946649037234	-0.000014069460526953612
-3.4218010284025735	-0.000014717642652720131
-3.3730137554002733	-0.000016071054705655847
-3.275439209395673	-0.000019005241663349093
-3.269340800270385	-0.00001919854101074261
-3.2632423911450976	-0.00001939298510231585
-3.2510455728945225	-0.0000197852856655236
-3.2266519363933726	-0.000020583358508592295
-3.1778646633910723	-0.000022231701087522073
-3.0802901173864714	-0.000025718951151693526
-3.0736757535664427	-0.00002596347418345633
-3.0670613897464145	-0.000026208908705771224
-3.053832662106357	-0.000026702412255464334
-3.0273752068262434	-0.000027699197513722127
-2.974460296266015	-0.0000297248534401294
-2.868630475145559	-0.000033834115010349716
-2.8620161113255307	-0.000034090077698421773
-2.855401747505502	-0.00003434559206068723
-2.842173019865445	-0.000034855015976038286
-2.815715564585331	-0.00003586552418648626
-2.762800654025103	-0.00003783607966019194
-2.7561862902050747	-0.00003807602625453485
-2.749571926385046	-0.000038314252475689775
-2.736343198744989	-0.000038785154068179386
-2.709885743464875	-0.00003970189116896247
-2.656970832904647	-0.00004140987704860915
-2.6507971470038925	-0.00004159603323976389
-2.644623461103138	-0.00004177906618984661
-2.632276089301629	-0.00004213530115327983
-2.6075813456986108	-0.000042805083321713604
-2.6014076597978564	-0.00004296290407350238
-2.595233973897102	-0.00004311661278843734
-2.582886602095593	-0.00004341114590407889
-2.558191858492575	-0.00004394466573510222
-2.5520181725918203	-0.0000440656027038541
-2.545844486691066	-0.00004418125182477189
-2.5396708007903115	-0.00004429145248619449
-2.533497114889557	-0.00004439604100216037
-2.5273234289888027	-0.00004449485053652226
-2.5211497430880483	-0.000044587711002806556
-2.5088023712865395	-0.000044754887379835125
-2.502628685385785	-0.00004482884569496264
-2.4964549994850307	-0.000044896139468607614
-2.4902813135842763	-0.0000449565803639718
-2.4841076276835214	-0.000045009976019006435
-2.4779339417827666	-0.000045056129963950975
-2.471760255882012	-0.00004509484156771035
-2.465586569981258	-0.000045125906006061
-2.4594128840805034	-0.000045149114252147644
-2.453239198179749	-0.00004516425307889149
-2.4470655122789946	-0.00004517110506448152
-2.44089182637824	-0.000045169448592497635
-2.4347181404774854	-0.000045159057836450384
-2.4285444545767305	-0.00004513970272178921
-2.422370768675976	-0.00004511114885971017
-2.4161970827752217	-0.00004507315745195438
-2.4100233968744673	-0.00004502548516767288
-2.403849710973713	-0.00004496788399596305
-2.3976760250729585	-0.00004490010108443613
-2.391502339172204	-0.000044821878569354864
-2.3853286532714497	-0.000044732953410076166
-2.3791549673706953	-0.0000446330572353576
-2.372981281469941	-0.00004452191621061134
-2.3668075955691865	-0.000044399250929714595
-2.3606339096684317	-0.000044264776334022263
-2.354460223767677	-0.000044118201657985124
-2.3482865378669224	-0.00004395923039412358
-2.342112851966168	-0.00004378756027205069
-2.3359391660654136	-0.0000436028832420312
-2.3297654801646592	-0.00004340488545033485
-2.323591794263905	-0.000043193247200358244
-2.311244422462396	-0.00004272774091685955
-2.3050707365616416	-0.000042473203559054715
-2.2988970506608872	-0.000042203686817591504
-2.286549678859378	-0.00004161830672488095
-2.280375992958623	-0.00004130172231727949
-2.2742023070578687	-0.000040968716008865647
-2.26185493525636	-0.00004025191727227706
-2.2551652946608645	-0.00003983439759993636
-2.248475654065369	-0.00003939572726982033
-2.235096372874378	-0.00003845283925618713
-2.2284067322788825	-0.00003794754680595293
-2.221717091683387	-0.00003741895401109408
-2.208337810492396	-0.00003628959693952917
-2.2016481698969006	-0.000035687669344213274
-2.194958529301405	-0.000035060114373409994
-2.181579248110414	-0.00003372566722014726
-2.1548206857284327	-0.000030721537332249055
-2.1481310451329376	-0.000029896784070178317
-2.141441404537442	-0.00002904115710825614
-2.128062123346451	-0.00002723439686906637
-2.1213724827509557	-0.000026281784350299514
-2.11468284215546	-0.000025295339355666663
-2.1013035609644692	-0.000023217829095180387
-2.0946139203689738	-0.00002212516419122096
-2.0879242797734783	-0.00002099546705996297
-2.0745449985824873	-0.000018621602940440546
-2.0477864362005054	-0.000013391441948598602
-2.04109679560501	-0.000011978074168546433
-2.0344071550095144	-0.000010520477539324789
-2.0210278738185234	-7.4686487399351555e-6
-1.9942693114365417	-7.896938092270889e-7
-1.9875796708410465	1.0061259750457335e-6
-1.980890030245551	2.8545963562706894e-6
-1.96751074905456	6.714096697682756e-6
-1.940752186672578	0.000015116852080398016
-1.9340625460770826	0.000017367246823922803
-1.9273729054815871	0.000019680110189468933
-1.9139936242905962	0.000024498620000073656
-1.8872350619086142	0.00003494590318525606
-1.8805454213131187	0.000037734999470833016
-1.8738557807176233	0.00004059802190146521
-1.8604764995266323	0.00004655210744406216
-1.8337179371446506	0.00005941796480842822
-1.8271500969304242	0.00006278064736617696
-1.8205822567161976	0.00006622740467330374
-1.8074465762877447	0.00007338003599355244
-1.7811752154308391	0.00008877185762205179
-1.7746073752166127	0.00009285700987363599
-1.7680395350023863	0.0000970408927634522
-1.7549038545739333	0.00010571283956946472
-1.7286324937170274	0.0001243314615864909
-1.722064653502801	0.00012926421878299267
-1.7154968132885746	0.0001343126735434382
-1.7023611328601218	0.00014476592220720572
-1.676089772003216	0.00016716493257454368
-1.6695219317889896	0.00017309013714679857
-1.662954091574763	0.00017915068116344194
-1.6498184111463101	0.00019168848163085821
-1.6235470502894045	0.00021850852930797166
-1.616979210075178	0.00022559372270244412
-1.6104113698609517	0.00023283694224140541
-1.5972756894324989	0.0002478098011471499
-1.571004328575593	0.00027979076176878025
-1.5644364883613666	0.00028822935029370646
-1.55786864814714	0.0002968521482637918
-1.5447329677186872	0.00031466460491184726
-1.5184616068617816	0.00035266015375536334
-1.5118937666475551	0.00036267518638718327
-1.5053259264333287	0.00037290458052126503
-1.492190246004876	0.0003940228200237667
-1.46591888514797	0.00043901575587840247
-1.4133761634341586	0.0005410409207466348
-1.4072490011392063	0.0005540701050361606
-1.401121838844254	0.0005673503013296638
-1.388867514254349	0.000594681160777537
-1.3643588650745393	0.0006525506432472836
-1.358231702779587	0.000667713354361138
-1.3521045404846346	0.0006831637683727687
-1.3398502158947296	0.0007149474317925883
-1.31534156671492	0.0007821884412933522
-1.3092144044199676	0.0007997946008324631
-1.3030872421250153	0.000817729914897326
-1.2908329175351103	0.0008546102339701675
-1.2663242683553007	0.0009325698592512824
-1.2173069699956813	0.0011066386385407481
-1.211179807700729	0.001130223007790334
-1.2050526454057766	0.0011542353900321056
-1.1927983208158717	0.0012035720315827165
-1.168289671636062	0.0013076928875073895
-1.1621625093411097	0.0013349007856264194
-1.1560353470461573	0.0013625948002716653
-1.1437810224562523	0.0014194720253225927
-1.1192723732764427	0.0015394045157815243
-1.1131452109814903	0.001570721933620733
-1.107018048686538	0.0016025896313852644
-1.094763724096633	0.001668009738939302
-1.0702550749168234	0.0018058310734117757
-1.021237776557204	0.002111411918394609
-1.0145946595675106	0.0021560976913957853
-1.0079515425778172	0.0022016026934388506
-0.9946653085984305	0.002295120574078845
-0.968092840639657	0.002492544517479092
-0.9614497236499635	0.002544140052701494
-0.9548066066602702	0.002596657568412778
-0.9415203726808834	0.0027045114563912223
-0.9149479047221099	0.002931868667591114
-0.9083047877324164	0.0029912135166409413
-0.9016616707427231	0.003051587723161069
-0.8883754367633363	0.0031754788209439567
-0.8618029688045628	0.003436216094025675
-0.8086580328870157	0.004012630107878834
-0.8020149158973222	0.0040901124534430885
-0.7953717989076289	0.004168852636579505
-0.7820855649282421	0.004330175190449433
-0.7555130969694686	0.004668748290632879
-0.7488699799797751	0.00475685237624783
-0.7422268629900818	0.004846403287933725
-0.728940629010695	0.005030013263758258
-0.7023681610519215	0.005416939802458403
-0.695725044062228	0.005518275450289531
-0.6890819270725347	0.005621695127740162
-0.6757956930931479	0.005835472029435962
-0.6691525761034545	0.005946254658650688
-0.6625094591137611	0.006059982476223469
-0.6492232251343744	0.006297603815249575
-0.6425801081446809	0.006422300803872342
-0.6359369911549876	0.0065515614282551935
-0.6226507571756008	0.006826108179208835
-0.6160076401859074	0.00697274799749271
-0.6093645231962139	0.0071266615241378835
-0.5960782892168272	0.007459834861837796
-0.5898758501464079	0.007628662004837101
-0.5836734110759885	0.007807087219850742
-0.5712685329351497	0.008196087545008102
-0.5650660938647303	0.008408274159114567
-0.5588636547943109	0.008633211294809416
-0.5464587766534722	0.009123405727878415
-0.5402563375830529	0.009389145754885368
-0.5340538985126335	0.009668447832410276
-0.5216490203717947	0.010264465452889808
-0.49683926409011725	0.011544718142268522
-0.49063682501969785	0.011859215348457892
-0.4844343859492785	0.012158216268654163
-0.47823194687885917	0.012432266465611443
-0.4720295078084398	0.012669970205102223
-0.4658270687380204	0.012857779670071727
-0.45962462966760104	0.012979788128284979
-0.4534221905971817	0.013017533211346338
-0.4472197515267623	0.01294981744807746
-0.4410173124563429	0.0127525541621504
-0.43481487338592356	0.01239864775554348
-0.4286124343155042	0.011857918220151052
-0.4224099952450848	0.011097080398805484
-0.4162075561746654	0.010079789012779589
-0.4100051171042461	0.008766760730982412
-0.40380267803382675	0.007115984527344188
-0.39760023896340735	0.005083031206566085
-0.39139779989298795	0.0026214722271162005
-0.3851953608225686	-0.00031658322834526853
-0.37899292175214927	-0.0037798256259823915
-0.3727904826817299	-0.007816951716549086
-0.3665880436113105	-0.012475737881552984
-0.36038560454089114	-0.017801980763303554
-0.3541831654704718	-0.02383830935601508
-0.3479807264000524	-0.03062287677787673
-0.341778287329633	-0.03818794436629211
-0.33557584825921366	-0.046558375459204215
-0.3293734091887943	-0.055750061141548554
-0.3231709701183749	-0.06576830522302442
-0.3169685310479555	-0.07660620062730325
-0.3107660919775362	-0.08824303405168785
-0.29836121383669745	-0.11375258915656389
-0.29215877476627805	-0.12750173827599062
-0.2859563356958587	-0.14180039202911687
-0.27355145755502	-0.1715874432679158
-0.2673490184846006	-0.1867956657467554
-0.26114657941418123	-0.20199323518418566
-0.2487417012733425	-0.23157949093044145
-0.24253926220292313	-0.24553611344632337
-0.23633682313250376	-0.25862189312765055
-0.2301343840620844	-0.2705869536000463
-0.22393194499166502	-0.2811732097940327
-0.21772950592124565	-0.2901180877447567
-0.21152706685082628	-0.29715868444531734
-0.20532462778040692	-0.3020363146847248
-0.19912218870998755	-0.3045013774352572
-0.1930415500208372	-0.3043489508362145
-0.18696091133168685	-0.30144773521546087
-0.1808802726425365	-0.2956167488037756
-0.17479963395338616	-0.28670248055517517
-0.1687189952642358	-0.2745834453629075
-0.16263835657508546	-0.2591744600239014
-0.15655771788593512	-0.2404305298165262
-0.15047707919678477	-0.21835023729479433
-0.14439644050763442	-0.19297852955418685
-0.13831580181848407	-0.16440880784560902
-0.13223516312933373	-0.13278423397342065
-0.12615452444018338	-0.09829818128904876
-0.12007388575103303	-0.06119377406915824
-0.1139932470618827	-0.021762477342117857
-0.10183196968358202	0.06268844907604187
-0.09575133099443167	0.1069096330591135
-0.08967069230528132	0.1518702588399878
-0.07750941492698063	0.24207426072644114
-0.07142877623783028	0.2863059311353475
-0.06534813754867994	0.3292687364255479
-0.05318686017037925	0.40933839532634253
-0.0471062214812289	0.44545644554763386
-0.04102558279207855	0.47834446201659575
-0.034944944102928206	0.5075804446308644
-0.028864305413777862	0.5327849610590434
-0.02278366672462752	0.5536277854816363
-0.01670302803547717	0.5698337315108246
-0.010622389346326824	0.581187550212965
-0.004541750657176477	0.5875377840172616
0.0015388880319738693	0.5887994900711242
0.007619526721124216	0.5849557717022694
0.013700165410274561	0.5760580834021931
0.01978080409942491	0.5622253024357678
0.025861442788575252	0.5436415880585922
0.0319420814777256	0.5205530766325858
0.038022720166875947	0.4932634869343609
0.044103358856026294	0.462128733954219
0.050183997545176634	0.4275506708530338
0.05626463623432698	0.3899700969285925
0.06842591361262768	0.3077134841035515
0.09274846836922906	0.12904980593324586
0.09882910705837941	0.08440517617091892
0.10490974574752976	0.04073234931641201
0.1109903844366801	-0.0015331962899761378
0.11707102312583045	-0.04199188266065744
0.1231516618149808	-0.0802847561186289
0.12923230050413115	-0.11609729568381899
0.1353129391932815	-0.14916226820760073
0.14139357788243184	-0.17926161533956897
0.1474742165715822	-0.20622737955109285
0.15355485526073254	-0.22994169739619752
0.15963549394988288	-0.25033590746075757
0.16571613263903323	-0.2673888376064889
0.17179677132818358	-0.2811243508091904
0.17787741001733393	-0.29160824086183545
0.18395804870648425	-0.29894457829487087
0.1900386873956346	-0.3032716129828065
0.1966352807795259	-0.30475865055568324
0.2032318741634172	-0.30314980401678937
0.20982846754730852	-0.2987202814480295
0.21642506093119984	-0.2917657000921468
0.22302165431509116	-0.28259506924611577
0.22961824769898248	-0.2715240820106611
0.2362148410828738	-0.2588688457559357
0.24281143446676512	-0.24494015893490537
0.24940802785065644	-0.23003841848448967
0.25600462123454776	-0.2144492183184937
0.2691978080023304	-0.18225550322713394
0.2757944013862217	-0.1661188125202611
0.28239099477011304	-0.15022663949564913
0.2955841815378957	-0.11983439338618529
0.30218077492178697	-0.10559880105358749
0.3087773683056783	-0.09213792108073929
0.31537396168956966	-0.07952275214672581
0.32197055507346095	-0.06780233630464962
0.32856714845735224	-0.057005621425672864
0.3351637418412436	-0.047143506433955096
0.34176033522513494	-0.03821099931022043
0.34835692860902623	-0.03018942361336563
0.3549535219929175	-0.023048616133431288
0.36155011537680887	-0.01674906590056402
0.3681467087607002	-0.011243952806530927
0.3747433021445915	-0.0064810522486007105
0.3813398955284828	-0.0024044802153857514
0.38793648891237414	0.0010437391248097339
0.3945330822962655	0.0039222941836127845
0.4011296756801568	0.006289399513761285
0.4077262690640481	0.008201801018588438
0.4143228624479394	0.0097139668980055
0.42091945583183077	0.010877454530897293
0.42751604921572206	0.011740440466011859
0.43411264259961335	0.01234739848937616
0.4407092359835047	0.012738909297718495
0.44730582936739605	0.012951584559761815
0.45390242275128734	0.013018088004839713
0.46049901613517863	0.012967236548405297
0.46709560951907	0.012824165254110401
0.4736922029029613	0.012610541044961145
0.4802887962868526	0.012344811429754226
0.4868853896707439	0.012042476017518105
0.49348198305463525	0.011716370183513179
0.5066751698224179	0.011032584005715546
0.5132717632063092	0.010689806796466026
0.5198683565902005	0.010353594998530625
0.5330615433579832	0.00971435485049031
0.5396581367418745	0.009415499547134287
0.5462547301257659	0.009131928747671466
0.5594479168935484	0.00861146197778883
0.5660445102774397	0.008373971918802051
0.572641103661331	0.008150786720963856
0.5858342904291137	0.007743783199916081
0.592430883813005	0.007558000683305956
0.5990274771968964	0.007382684574725934
0.612220663964679	0.00705954277751963
0.6183765794292964	0.006919664378204781
0.6245324948939136	0.006785781472634175
0.6368443258231482	0.006533617625156996
0.6614679876816174	0.00607809927401425
0.6676239031462348	0.005972153315365519
0.673779818610852	0.005868795223962359
0.6860916495400866	0.005668970300408971
0.7107153113985558	0.005292356284174106
0.7168712268631732	0.005202316165458368
0.7230271423277904	0.005113753824010761
0.735338973257025	0.004940824545688172
0.7599626351154942	0.004610528218047333
0.8092099588324325	0.004006248775673904
0.8153658742970498	0.003935652727178777
0.8215217897616671	0.0038661095021033827
0.8338336206909016	0.0037301338461955165
0.8584572825493708	0.003470303272665027
0.8646131980139882	0.0034078050670415423
0.8707691134786054	0.003346268411963692
0.88308094440784	0.0032260356723336093
0.9077046062663092	0.0029966256048905675
0.9138605217309266	0.0029415126830981144
0.9200164371955438	0.002887273898510813
0.9323282681247784	0.002781375587084625
0.9569519299832476	0.0025795959991631095
1.006199253700186	0.0022137438987647148
1.0128711238595445	0.002167824616143972
1.0195429940189027	0.00212273493699518
1.0328867343376191	0.0020349940597163686
1.059574214975052	0.0018689200750782922
1.0662460851344102	0.0018292907559068219
1.0729179552937684	0.0017903933183819754
1.086261695612485	0.0017147474934866176
1.1129491762499182	0.001571732954683183
1.1196210464092764	0.0015376387380220344
1.1262929165686346	0.0015041865298420717
1.1396366568873513	0.001439165675070221
1.1663241375247844	0.001316368423199164
1.2196990987996505	0.00109754566228773
1.2263709689590088	0.0010725203175821763
1.233042839118367	0.0010479825484802016
1.2463865794370836	0.0010003357008017827
1.2730740600745167	0.0009105255660334585
1.279745930233875	0.0008891687255035679
1.2864178003932332	0.0008682346362426123
1.2997615407119498	0.0008276046222914987
1.326449021349383	0.0007510931860733316
1.3331208915087411	0.0007329134396636128
1.3397927616680994	0.0007150992687452729
1.353136501986816	0.0006805411904674263
1.379823982624249	0.0006155268236641353
1.4331989438991153	0.000500557539007896
1.4397490136772046	0.00048772423181088834
1.4462990834552938	0.000475152732369772
1.4593992230114723	0.00045077603391274756
1.4855995021238293	0.0004049584324032074
1.4921495719019187	0.0003940896032417953
1.4986996416800078	0.0003834463738261011
1.5117997812361863	0.00036282004698988315
1.5380000603485433	0.00032409522536625354
1.5445501301266327	0.0003149179758160941
1.5511001999047218	0.00030593480057999135
1.5642003394609003	0.00028853617228787303
1.5904006185732573	0.00025591177661596424
1.5969506883513467	0.00024818864117618787
1.6035007581294358	0.00024063216774035384
1.6166008976856143	0.00022600661924444487
1.6428011767979713	0.00019862009097944104
1.6493512465760607	0.00019214481967858368
1.6559013163541498	0.00018581243904718537
1.6690014559103283	0.00017356543953600772
1.6952017350226853	0.00015066878397785598
1.7017518048007747	0.0001452625862787743
1.7083018745788638	0.0001399786770176648
1.7214020141350423	0.00012976827948010854
1.7476022932473994	0.00011071342640175562
1.7541523630254887	0.00010622148188214431
1.7607024328035779	0.00010183401316287213
1.7738025723597564	0.00009336434246995395
1.8000028514721134	0.0000775909692456417
1.8065529212502027	0.00007387946707411897
1.8131029910282919	0.00007025704331648961
1.8262031305844704	0.00006327238162718153
1.8524034096968272	0.000050296255585304244
1.8585128015556425	0.000047452176419986386
1.8646221934144576	0.00004467412882529871
1.8768409771320882	0.00003931118899990166
1.901278544567349	0.00002932451653632633
1.907387936426164	0.000026975123248466058
1.9134973282849794	0.00002468241197875411
1.9257161120026098	0.000020262732557433608
1.9501536794378707	0.000012057265035015144
1.9562630712966858	0.000010132111319130662
1.962372463155501	8.255508176679863e-6
1.9745912468731315	4.644219069488358e-6
1.9990288143083925	-2.035936586730531e-6
2.005138206167208	-3.5980507128944637e-6
2.011247598026023	-5.118677002745099e-6
2.0234663817436536	-8.038714513353587e-6
2.0479039491789144	-0.000013415880269894485
2.05401334103773	-0.000014668144446872983
2.060122732896545	-0.000015885056547498022
2.072341516614175	-0.0000182156378610715
2.0784509084729903	-0.00001933068233145145
2.084560300331806	-0.000020413125820267775
2.0967790840494365	-0.00002248282840780491
2.1028884759082516	-0.000023471368208578813
2.1089978677670667	-0.000024429868912972247
2.1212166514846973	-0.000026259193551252114
2.145654218919958	-0.000029583627102012372
2.151763610778773	-0.00003034842172680574
2.1578730026375883	-0.00003108778638760343
2.170091786355219	-0.0000324923369890498
2.1762011782140345	-0.00003315855423245001
2.1823105700728496	-0.000033801404507380686
2.1945293537904798	-0.000035018964349251064
2.200638745649295	-0.00003559463191185614
2.2067481375081104	-0.000036148848959197816
2.218966921225741	-0.000037194755054438186
2.225076313084556	-0.000037687335813982314
2.231185704943371	-0.00003816024975318057
2.243404488661002	-0.000039048774930620076
2.2500298352145585	-0.00003949955536487748
2.2566551817681146	-0.000039929198287203677
2.269905874875227	-0.00004072707687615378
2.276531221428783	-0.00004109628963533217
2.2831565679823393	-0.0000414463193753358
2.2964072610894517	-0.000042090675355683106
2.303032607643008	-0.000042385900914005976
2.309657954196564	-0.00004266374265685861
2.3162833007501202	-0.000042924628062718326
2.3229086473036764	-0.00004316897622762576
2.3295339938572326	-0.00004339719809239844
2.3361593404107888	-0.000043609696624573384
2.349410033517901	-0.00004398909645910148
2.3560353800714573	-0.00004415676482974549
2.3626607266250135	-0.00004431024409029603
2.3692860731785697	-0.000044449898628722874
2.375911419732126	-0.00004457608523118599
2.382536766285682	-0.000044689153139839885
2.389162112839238	-0.000044789444147388946
2.3957874593927944	-0.00004487729273169611
2.4024128059463505	-0.00004495302623094518
2.4090381524999067	-0.0000450169650527236
2.415663499053463	-0.00004506942290643352
2.422288845607019	-0.00004511070704334928
2.4289141921605752	-0.00004514111848987791
2.4355395387141314	-0.00004516095225694586
2.4421648852676876	-0.000045170497514722754
2.448790231821244	-0.000045170037724516846
2.4554155783748	-0.00004515985072506973
2.462040924928356	-0.00004514020877918702
2.4686662714819123	-0.00004511137858696475
2.4752916180354685	-0.000045073621282749714
2.4819169645890247	-0.000045027192426257655
2.488542311142581	-0.00004497234200876495
2.495167657696137	-0.000044909314484265384
2.501793004249693	-0.000044838348835824654
2.5084183508032494	-0.000044759678683050415
2.5150436973568056	-0.00004467353242704501
2.5216690439103617	-0.000044580133427755617
2.534919737017474	-0.00004437244662234935
2.5415450835710303	-0.00004425858211842654
2.5481704301245864	-0.00004413831183757398
2.5614211232316992	-0.000043879353911549526
2.568046469785256	-0.00004374105617058026
2.574671816338812	-0.00004359713252437454
2.5879225094459244	-0.00004329314332216904
2.614423895660149	-0.00004262552088914705
2.6210492422137053	-0.00004244716797787741
2.6276745887672615	-0.000042264555862494245
2.640925281874374	-0.00004188716381168037
2.6674266680885985	-0.00004108779135773236
2.673611336722881	-0.000040893428346222387
2.679796005357163	-0.00004069633744490644
2.692165342625727	-0.000040294390403456705
2.716904017162856	-0.000039462240913161906
2.7663813662371135	-0.00003770549942648148
2.8653360643856285	-0.00003396165419991158
2.871520733019911	-0.0000337221431564198
2.8777054016541928	-0.00003348231887979197
2.890074738922757	-0.000033001928970480135
2.914813413459886	-0.000032039515104184766
2.9642907625341435	-0.00003011789021416158
3.063245460682658	-0.000026350908673015375
3.069308328935671	-0.000026125432411453972
3.0753711971886846	-0.000025900708353035224
3.0874969336947107	-0.0000254535916042126
3.111748406706763	-0.000024569176692525304
3.160251352730868	-0.000022843211353450866
3.257257244779079	-0.000019584925767800575
3.263320113032092	-0.000019390499806987507
3.269382981285105	-0.000019197200075063734
3.2815087177911315	-0.000018813999812227974
3.305760190803184	-0.000018061314412613406
3.3542631368272895	-0.000016611488027298448
3.4512690288755	-0.000013937005016709594
3.4578478518232543	-0.000013766495978673188
3.4644266747710084	-0.000013597359684530165
3.4775843206665167	-0.000013263197913504499
3.5038996124575332	-0.00001261125216889432
3.5565301960395663	-0.000011372073180767814
3.5631090189873205	-0.000011223156658451278
3.5696878419350746	-0.000011075554068517776
3.582845487830583	-0.00001078427303110533
3.6091607796215994	-0.000010217278548812353
3.6617913632036325	-9.144331446360801e-6
3.6683701861513867	-9.015814586125354e-6
3.674949009099141	-8.888521511258088e-6
3.688106654994649	-8.637582787286019e-6
3.7144219467856656	-8.150128746218285e-6
3.7670525303676987	-7.231460473108332e-6
3.8723136975317645	-5.606460032417989e-6
3.8784518425602448	-5.519974540103834e-6
3.8845899875887246	-5.434362191019705e-6
3.8968662776456853	-5.2657333594000755e-6
3.9214188577596056	-4.938701638734864e-6
3.9705240179874464	-4.324300087140244e-6
3.9766621630159262	-4.251104350642531e-6
3.9828003080444065	-4.1786891716785735e-6
3.9950765981013667	-4.036176237605198e-6
4.019629178215287	-3.7602580779656867e-6
4.068734338443128	-3.2436419154261917e-6
4.074872483471609	-3.182260917810372e-6
4.081010628500088	-3.121571039208567e-6
4.093286918557048	-3.0022410358524062e-6
4.117839498670969	-2.771618975648451e-6
4.16694465889881	-2.341345750701395e-6
4.17308280392729	-2.2903675022040767e-6
4.17922094895577	-2.239995659532594e-6
4.1914972390127305	-2.141049503329108e-6
4.216049819126651	-1.9501944581671454e-6
4.265154979354492	-1.595490209484944e-6
4.271809079077713	-1.5500953216128521e-6
4.2784631788009335	-1.505319645638945e-6
4.291771378247375	-1.417601683260483e-6
4.31838777714026	-1.2493234718059622e-6
4.371620574926029	-9.400380105869061e-7
4.37827467464925	-9.038269413671769e-7
4.3849287743724705	-8.681431012652185e-7
4.398236973818913	-7.983358335803339e-7
4.424853372711798	-6.648070175592708e-7
4.4780861704975665	-4.208600046144782e-7
4.484740270220788	-3.9243632614634834e-7
4.491394369944009	-3.644574991577918e-7
4.504702569390451	-3.0981604563903517e-7
4.531318968283335	-2.0566225958557928e-7
4.537973068006556	-1.806630720122427e-7
4.544627167729777	-1.560695457800132e-7
4.55793536717622	-1.0808035767512388e-7
4.584551766069104	-1.6770696719728125e-8
4.591205865792325	5.1076134180486055e-9
4.597859965515546	2.661398254144378e-8
4.611168164961988	6.852651009278747e-8
4.637784563854873	1.480667048675081e-7
4.691017361640641	2.9097657527076646e-7
4.6972307834445886	3.0632388808201246e-7
4.703444205248536	3.214023988913205e-7
4.71587104885643	3.507636840653114e-7
4.7407247360722184	4.063819981361497e-7
4.746938157876166	4.1965734945873415e-7
4.753151579680113	4.3268730179563467e-7
4.765578423288007	4.580236537696453e-7
4.790432110503795	5.058856852240099e-7
4.796645532307741	5.172814842680862e-7
4.802858954111688	5.284542835083455e-7
4.815285797719582	5.50139913753204e-7
4.840139484935371	5.909347346028365e-7
4.846352906739318	6.006106619326022e-7
4.852566328543265	6.100826494025765e-7
4.864993172151159	6.284257484783835e-7
4.889846859366948	6.62784619814288e-7
4.896060281170895	6.709044339434834e-7
4.902273702974842	6.788409055827796e-7
4.914700546582736	6.941719800827793e-7
4.939554233798525	7.227196792622543e-7
4.945767655602472	7.294271308321126e-7
4.951981077406419	7.35966828506996e-7
4.964407921014313	7.485518116723965e-7
4.989261608230101	7.718096571945954e-7
4.995475030034047	7.772394105632561e-7
5.001688451837994	7.825196802583967e-7
5.0141152954458885	7.926395623386565e-7
5.020328717249836	7.974827309483586e-7
5.026542139053783	8.021835640261862e-7
5.038968982661677	8.11164345064234e-7
5.045182404465624	8.154473232196408e-7
5.051395826269571	8.19594106400471e-7
5.0638226698774655	8.274858049996652e-7
5.088676357093254	8.417141157634083e-7
5.094767978515932	8.448964688864018e-7
5.100859599938611	8.479626016453226e-7
5.113042842783966	8.53753308570144e-7
5.119134464206644	8.564811536802762e-7
5.125226085629322	8.590993005506743e-7
5.1374093284746785	8.640117342048207e-7
5.143500949897357	8.663084295251778e-7
5.149592571320035	8.685003102010375e-7
5.161775814165391	8.725742729829686e-7
5.167867435588068	8.744588139265211e-7
5.173959057010746	8.762435042056509e-7
5.186142299856103	8.795192200057137e-7
5.192233921278781	8.810133923205557e-7
5.198325542701459	8.824139598164171e-7
5.204417164124138	8.837225792308471e-7
5.210508785546815	8.849408765838264e-7
5.2166004069694925	8.86070412229129e-7
5.222692028392171	8.871126528359328e-7
5.228783649814849	8.88068950976052e-7
5.234875271237527	8.889405377293971e-7
5.2409668926602055	8.897285274813446e-7
5.247058514082884	8.904339355706633e-7
5.253150135505562	8.910577039197016e-7
5.2592417569282395	8.916007362016064e-7
5.265333378350917	8.920639335017776e-7
5.271424999773595	8.924482311683495e-7
5.277516621196273	8.927546275031799e-7
5.283608242618952	8.929842055537671e-7
5.28969986404163	8.93138143207603e-7
5.295791485464308	8.932177095277538e-7
5.3018831068869865	8.932242512358902e-7
5.307974728309664	8.931591670258959e-7
5.314066349732341	8.930238749061581e-7
5.3201579711550195	8.928197766809198e-7
5.326249592577698	8.9254822196068e-7
5.332341214000376	8.922104780512654e-7
5.338432835423054	8.918077072776155e-7
5.344524456845733	8.913409558223026e-7
5.350616078268411	8.908111538291705e-7
5.356707699691088	8.902191294224253e-7
5.362799321113766	8.895656312176564e-7
5.368890942536444	8.8885136044492e-7
5.3810741853818005	8.872432805187569e-7
5.387165806804479	8.863509515038247e-7
5.393257428227157	8.854008654978623e-7
5.405440671072513	8.833312709977462e-7
5.41153229249519	8.822139101229143e-7
5.417623913917868	8.810430554631599e-7
5.429807156763225	8.785456930143765e-7
5.435898778185903	8.772215568213226e-7
5.441990399608581	8.758486018441841e-7
5.454173642453937	8.729601275641111e-7
5.478540128144649	8.666341427647495e-7
5.485147704262069	8.647963690225358e-7
5.491755280379487	8.629076752369666e-7
5.504970432614325	8.589805822441723e-7
5.5314007370840015	8.505554772832505e-7
5.584261346023354	8.316891471210619e-7
5.590868922140773	8.291607209837647e-7
5.5974764982581915	8.265964507887108e-7
5.610691650493029	8.213623854842755e-7
5.637121954962706	8.104917379033946e-7
5.689982563902058	7.873605466415107e-7
5.696590140019477	7.843558065758101e-7
5.703197716136896	7.813275306653954e-7
5.716412868371734	7.75201590468011e-7
5.74284317284141	7.626846057987718e-7
5.795703781780762	7.367639493450692e-7
5.901424999659467	6.824023793174788e-7
5.907591897857612	6.791610243387855e-7
5.913758796055757	6.759146660303104e-7
5.926092592452047	6.694072827093112e-7
5.950760185244627	6.563355979902902e-7
6.000095370829786	6.300281959357654e-7
6.098765742000106	5.773824728796133e-7
6.296106484340746	4.750115979113771e-7
6.302789337233632	4.7166141767165243e-7
6.3094721901265185	4.6832037980861635e-7
6.32283789591229	4.6166763942225714e-7
6.349569307483835	4.4849108258801246e-7
6.403032130626922	4.2266642544209684e-7
6.509957776913097	3.732322795169281e-7
6.516640629805983	3.7024689289693984e-7
6.523323482698869	3.672735040709859e-7
6.536689188484641	3.6136391629286706e-7
6.563420600056185	3.4970364043451253e-7
6.616883423199273	3.2704076683700775e-7
6.723809069485449	2.8428079036047177e-7
6.7303701219970655	2.817714425419333e-7
6.736931174508683	2.79274495891893e-7
6.750053279531917	2.7431815029861813e-7
6.7762974895783845	2.645624043325328e-7
6.8287859096713195	2.4571229632073047e-7
6.933762749857191	2.1051535975373254e-7
6.940323802368808	2.0842807342059174e-7
6.946884854880425	2.063530762556556e-7
6.960006959903659	2.022393051831278e-7
6.986251169950126	1.9415785031064083e-7
7.038739590043062	1.7861850947007828e-7
7.143716430228933	1.499040800769034e-7
7.149836804821276	1.483272007652065e-7
7.155957179413619	1.4676057055415005e-7
7.168197928598305	1.4365703107599122e-7
7.192679426967676	1.3756448134929307e-7
7.24164242370642	1.258529960267477e-7
7.339568417183907	1.0430183052981918e-7
7.34568879177625	1.0303417550622468e-7
7.351809166368593	1.0177631483226734e-7
7.364049915553279	9.928953054613124e-8
7.38853141392265	9.442554838635399e-8
7.437494410661394	8.509866077153865e-8
7.53542040413888	6.80835510205401e-8
7.542056733425964	6.70032112881397e-8
7.548693062713047	6.593221981194435e-8
7.561965721287216	6.38191171510225e-8
7.58851103843555	5.971006114785342e-8
7.641601672732222	5.191515186829717e-8
7.648238002019306	5.097704375217867e-8
7.65487433130639	5.004725450502438e-8
7.668146989880557	4.821354116293241e-8
7.694692307028893	4.465304337565212e-8
7.747782941325564	3.792451727508664e-8
7.754419270612648	3.711619755505669e-8
7.761055599899732	3.6315205251125754e-8
7.7743282584739	3.4736083534016565e-8
7.800873575622235	3.167412261946143e-8
7.853964209918907	2.5912364048271135e-8
7.960145478512249	1.5686687933646516e-8
7.966341129880059	1.5140778740430024e-8
7.972536781247869	1.4599717875102316e-8
7.984928083983489	1.3532564567640744e-8
8.009710689454728	1.1462799884078847e-8
8.059275900397207	7.590145377153146e-9
8.065471551765016	7.128114172160743e-9
8.071667203132826	6.670352699659696e-9
8.084058505868446	5.767506744996484e-9
8.108841111339686	4.015211600396115e-9
8.158406322282165	7.491633702283451e-10
8.164601973649974	3.6211121026610144e-10
8.170797625017784	-2.093039110084849e-11
8.183188927753404	-7.756561439149767e-10
8.207971533224644	-2.2406129252319773e-9
8.257536744167123	-4.9668400416841285e-9
8.263732395534932	-5.2876600849585675e-9
8.269928046902741	-5.604534512697323e-9
8.282319349638362	-6.227391368958217e-9
8.307101955109601	-7.433970351192892e-9
8.356667166052082	-9.679395083193876e-9
8.362741017038623	-9.937058557518003e-9
8.368814868025165	-1.0190993129672449e-8
8.380962569998246	-1.0688441128697823e-8
8.405257973944408	-1.1647474194333152e-8
8.453848781836736	-1.3434209139009598e-8
8.459922632823277	-1.3643245015508565e-8
8.465996483809818	-1.3848786180759715e-8
8.478144185782899	-1.4249630792169399e-8
8.502439589729063	-1.5014944802251018e-8
8.551030397621389	-1.6432073319349366e-8
8.55710424860793	-1.6598154123272785e-8
8.56317809959447	-1.6761302461427985e-8
8.575325801567553	-1.7078445935236886e-8
8.599621205513717	-1.7677037692995223e-8
8.605695056500258	-1.7820081880601246e-8
8.611768907486798	-1.796089064021872e-8
8.62391660945988	-1.8236531644597737e-8
8.648212013406043	-1.876614554919588e-8
8.654285864392584	-1.88937962866155e-8
8.660359715379126	-1.90192699033552e-8
8.672507417352207	-1.9263012487197306e-8
8.69680282129837	-1.9718816508026288e-8
8.745393629190698	-2.052237813845656e-8
8.75198343487198	-2.0623429526200193e-8
8.758573240553261	-2.0722704372597993e-8
8.771752851915824	-2.0915238136895442e-8
8.778342657597106	-2.100807335991134e-8
8.784932463278388	-2.109834825857887e-8
8.798112074640953	-2.1270687622441508e-8
8.804701880322234	-2.135268210574741e-8
8.811291686003518	-2.1431990910279752e-8
8.824471297366081	-2.1583300485392143e-8
8.850830520091208	-2.1863436741598186e-8
8.85742032577249	-2.192988148628048e-8
8.864010131453771	-2.19949913950811e-8
8.877189742816334	-2.2120752747557468e-8
8.883779548497616	-2.218103422203105e-8
8.890369354178898	-2.2239296282138e-8
8.903548965541463	-2.234902275527126e-8
8.910138771222744	-2.240026559120062e-8
8.916728576904028	-2.2449080549352685e-8
8.929908188266591	-2.2539890369519672e-8
8.956267410991718	-2.2700352729227834e-8
8.962857216673	-2.2737346050530132e-8
8.96944702235428	-2.2773334220358224e-8
8.982626633716844	-2.2842133909177498e-8
8.989216439398126	-2.2874676951873882e-8
8.995806245079407	-2.2905719099242106e-8
9.008985856441972	-2.2962455315011024e-8
9.015575662123254	-2.2987810778833315e-8
9.022165467804538	-2.3011038876880746e-8
9.02875527348582	-2.3032153091424173e-8
9.0353450791671	-2.3051252000944045e-8
9.041934884848382	-2.306850759660516e-8
9.048524690529664	-2.3084144573724125e-8
9.055114496210946	-2.3098411587726617e-8
9.061704301892227	-2.3111549990201957e-8
9.068294107573509	-2.3123762802560593e-8
9.07488391325479	-2.31351899240167e-8
9.081473718936072	-2.314589067446953e-8
9.088063524617354	-2.3155838988777287e-8
9.094653330298636	-2.316492836332111e-8
9.101243135979917	-2.3172988761373248e-8
9.107832941661199	-2.317981239959889e-8
9.11442274734248	-2.3185183093505854e-8
9.121012553023762	-2.318890929341004e-8
9.127602358705044	-2.3190850369182378e-8
9.134192164386326	-2.319093903762129e-8
9.140781970067607	-2.3189191519258634e-8
9.147371775748889	-2.318570808870074e-8
9.15396158143017	-2.31806601986434e-8
9.160551387111454	-2.3174270557873786e-8
9.167141192792736	-2.3166783308554983e-8
9.173290320554742	-2.3159014554382032e-8
9.17943944831675	-2.3150656170735362e-8
9.191737703840765	-2.3132564838049957e-8
9.197886831602773	-2.3122875432522033e-8
9.20403595936478	-2.3112680954827294e-8
9.216334214888796	-2.309024463027342e-8
9.222483342650804	-2.3077667534766866e-8
9.228632470412812	-2.3063957198948826e-8
9.23478159817482	-2.3048972492222507e-8
9.240930725936828	-2.303261870361924e-8
9.247079853698835	-2.3014858999908775e-8
9.253228981460843	-2.2995720368266387e-8
9.265527236984859	-2.295371405490812e-8
9.271676364746867	-2.2931165590944075e-8
9.277825492508875	-2.2907841404611745e-8
9.29012374803289	-2.285959877922246e-8
9.314720259080921	-2.2759538515111644e-8
9.32086938684293	-2.2733687900168727e-8
9.327018514604937	-2.2707258708325878e-8
9.339316770128953	-2.2651973179471847e-8
9.363913281176984	-2.252812224289892e-8
9.370062408938992	-2.2494227364458497e-8
9.376211536701	-2.245933727776199e-8
9.388509792225015	-2.2387271494082872e-8
9.413106303273047	-2.223884445822985e-8
9.46229932536911	-2.192804010299563e-8
9.468448453131117	-2.188562889585393e-8
9.474597580893125	-2.1842167079351438e-8
9.48689583641714	-2.1752410832537143e-8
9.511492347465172	-2.1565995710808375e-8
9.560685369561234	-2.1187918295946864e-8
9.567549654284289	-2.113322551146584e-8
9.574413939007343	-2.1077469470947782e-8
9.588142508453453	-2.09625481243118e-8
9.615599647345672	-2.0722389294531435e-8
9.670513925130109	-2.023776670182463e-8
9.780342480698984	-1.9190306715984192e-8
9.787206765422038	-1.9123724651157886e-8
9.794071050145092	-1.9056432303167373e-8
9.807799619591203	-1.8919309886637238e-8
9.835256758483421	-1.8636914778254708e-8
9.890171036267859	-1.8076677106083124e-8
9.897035320990913	-1.8006955255448626e-8
9.903899605713967	-1.793667646387328e-8
9.917628175160077	-1.7793956459709933e-8
9.945085314052296	-1.7501204371567908e-8
9.95194959877535	-1.7427569863029575e-8
9.958813883498406	-1.735421250670735e-8
9.972542452944516	-1.7208902339366206e-8
9.97940673766757	-1.713702534259366e-8
9.986271022390625	-1.7065567887812865e-8
9.993135307113679	-1.6994359198748213e-8
9.999999591836735	-1.6923180494433053e-8