-19.99999918367347	-2.2870458383098022e-6
-19.987731283678343	-1.969643334449964e-6
-19.97546338368322	-1.6505331129030849e-6
-19.950927583692973	-1.007162308217683e-6
-19.90185598371248	3.0037253984352976e-7
-19.803712783751486	3.000169747988125e-6
-19.607426383829505	8.751441351152495e-6
-19.595158483834382	9.126982471882963e-6
-19.58289058383926	9.504460992240985e-6
-19.558354783849012	0.000010265260663550746
-19.509283183868515	0.000011810445074033574
-19.411139983907525	0.000014996893600704693
-19.214853583985544	0.000021768403800891188
-19.20155377460094	0.0000222470819658475
-19.188253965216333	0.000022728340282816752
-19.161654346447122	0.000023698640853662132
-19.1084551089087	0.000025670684458366547
-19.002056633831852	0.00002974303072217005
-18.78925968367816	0.0000384212498821013
-18.775959874293555	0.0000389880905844501
-18.76266006490895	0.00003955788022745057
-18.73606044613974	0.00004070635539501848
-18.682861208601313	0.000043039235243797565
-18.576462733524465	0.00004785151999206277
-18.363665783370774	0.00005808528789580684
-18.351247329824716	0.00005870846708906207
-18.33882887627866	0.000059334579043802786
-18.313991969186546	0.00006059564626098655
-18.264318155002314	0.00006315347133201989
-18.16497052663385	0.00006841445733674002
-17.966275269896926	0.00007953891582864381
-17.953856816350868	0.00008026172446227433
-17.94143836280481	0.00008098784621674227
-17.916601455712694	0.00008245007949179998
-17.866927641528463	0.00008541486039971769
-17.76758001316	0.00009150855929602824
-17.568884756423078	0.00010437614952623188
-17.556709903639558	0.00010519502372903413
-17.54453505085604	0.00010601749083308373
-17.520185345289	0.00010767325677513975
-17.47148593415492	0.00011102848932204295
-17.374087111886762	0.00011791678506314603
-17.179289467350447	0.0001324295489109583
-17.167114614566927	0.0001333701943573153
-17.15493976178341	0.0001343148796544235
-17.13059005621637	0.0001362164289157031
-17.08189064508229	0.00014006865874487647
-16.98449182281413	0.0001479730196667312
-16.789694178277816	0.00016460905434707675
-16.776487416104814	0.00016577808931907606
-16.763280653931815	0.00016695246595438163
-16.73686712958581	0.00016931732833745384
-16.6840400808938	0.000174112082695276
-16.57838598350979	0.00018396651976193296
-16.367077788741764	0.00020477464487210191
-16.35387102656876	0.00020612542152583565
-16.340664264395762	0.00020748225123526582
-16.314250740049758	0.00021021416421343822
-16.26142369135775	0.00021575166993703394
-16.155769593973737	0.00022712679730571184
-15.94446139920571	0.00025112188087222936
-15.932135992871256	0.0002525743901615456
-15.919810586536803	0.0002540328653418466
-15.895159773867896	0.0002569677994628407
-15.845858148530082	0.00026291020942340124
-15.747254897854454	0.00027509011113455075
-15.550048396503195	0.00030067056112970916
-15.537722990168742	0.00030232501084536046
-15.525397583834287	0.0003039861514403952
-15.500746771165382	0.00030732860101358075
-15.451445145827567	0.00031409484832711955
-15.352841895151936	0.000327958199611593
-15.15563539380068	0.00035705313184634544
-15.142278078076744	0.0003590917571970366
-15.12892076235281	0.00036113918939336374
-15.102206130904937	0.00036526060971668606
-15.048776868009195	0.0003736106286029942
-14.941918342217711	0.0003907471180469458
-14.728201290634741	0.00042682948969301367
-14.714843974910806	0.0004291673199942579
-14.70148665918687	0.00043151510108691525
-14.674772027739	0.0004362406672715202
-14.621342764843256	0.00044581288448273734
-14.514484239051772	0.0004654503219697695
-14.300767187468804	0.0005067683549737287
-14.287653472507406	0.0005093951698053184
-14.274539757546009	0.0005120328084469543
-14.248312327623214	0.0005173407174158887
-14.195857467777625	0.0005280881914510663
-14.090947748086444	0.0005501189133459566
-13.881128308704085	0.000596398517301547
-13.868014593742688	0.0005993922323048186
-13.85490087878129	0.0006023981210039333
-13.828673448858495	0.0006084465978522249
-13.776218589012904	0.0006206916062246953
-13.671308869321724	0.0006457840228660529
-13.461489429939364	0.0006984619559154692
-13.449257070816515	0.0007016387292003851
-13.437024711693667	0.0007048273981871411
-13.412559993447967	0.0007112405840099117
-13.363630556956569	0.0007242114790522031
-13.265771683973774	0.0007507405212916485
-13.070053938008183	0.0008062225445575315
-13.057821578885333	0.0008098005069208832
-13.045589219762483	0.0008133917112571852
-13.021124501516784	0.000820614022603066
-12.972195065025387	0.0008352195005383936
-12.874336192042591	0.0008650839436624876
-12.678618446077	0.0009275090916566961
-12.665354177564668	0.0009318735069138301
-12.652089909052336	0.0009362552360565393
-12.625561372027674	0.0009450708833537991
-12.572504297978348	0.0009629126762185636
-12.466390149879697	0.0009994523547160739
-12.254161853682394	0.001076071494600192
-12.240897585170062	0.0010810215626433292
-12.22763331665773	0.0010859910182637184
-12.201104779633068	0.0010959883646530638
-12.148047705583743	0.0011162187161352262
-12.041933557485091	0.001157637567316174
-11.82970526128779	0.001244434685602311
-11.817322348614006	0.0012496667945438343
-11.804939435940224	0.0012549177811592477
-11.780173610592655	0.001265476630151864
-11.730641959897522	0.0012868235391753442
-11.631578658507255	0.0013304479978555556
-11.433452055726722	0.0014215319785908043
-11.037198850165655	0.001619974337043687
-11.02505953825441	0.0016264140217567011
-11.012920226343166	0.0016328758840654315
-10.988641602520675	0.0016458664081649922
-10.940084354875694	0.0016721165291113994
-10.84296985958573	0.0017257081793503556
-10.648740869005806	0.0018373799358376332
-10.260282887845955	0.0020796893229510596
-10.247111666545226	0.0020883697036257155
-10.2339404452445	0.0020970815463776313
-10.207598002643046	0.0021146000024558683
-10.154913117440138	0.002150018696498164
-10.04954334703432	0.002222404944054099
-9.838803806222682	0.0023735488095480055
-9.41732472459941	0.0027027597561117642
-9.405034859137231	0.0027129233981220075
-9.392744993675052	0.0027231200287785792
-9.368165262750694	0.002743612595237634
-9.319005800901976	0.0027849973269848845
-9.220686877204542	0.002869384266256823
-9.024049029809674	0.003044781487872319
-8.63077333501994	0.0034233075453227214
-8.61745156016828	0.0034368026843230592
-8.60412978531662	0.0034503430953561863
-8.577486235613296	0.00347756018244854
-8.52419913620665	0.0035325425652708367
-8.417624937393363	0.0036447254619637985
-8.204476539766784	0.0038781686908982704
-7.7781797445136265	0.0043830987111359715
-7.765101570424504	0.004399426518697923
-7.75202339633538	0.004415805848908612
-7.725867048157134	0.0044487197495839265
-7.673554351800641	0.004515173417309164
-7.568928959087657	0.004650626957084458
-7.3596781736616865	0.0049321365224112915
-7.346599999572564	0.004950220595263094
-7.333521825483441	0.004968364381964831
-7.307365477305194	0.005004832738209314
-7.255052780948702	0.005078504889879001
-7.150427388235717	0.005228903382832363
-6.9411766028097475	0.005543102253609766
-6.928979784559172	0.005562023474279615
-6.916782966308597	0.005581017097972138
-6.892389329807447	0.005619225636371072
-6.843602056805147	0.005696558362353499
-6.7460275108005465	0.005855161680383289
-6.550878418791346	0.0061909152917991195
-6.53868160054077	0.00621285785671585
-6.526484782290195	0.00623492700372369
-6.502091145789045	0.0062794556079383305
-6.453303872786745	0.00637015199841391
-6.355729326782145	0.006558787969279998
-6.160580234772943	0.006971609512976178
-6.1473515071328855	0.007001641348242555
-6.134122779492829	0.007031967734368786
-6.107665324212714	0.0070935311318495765
-6.054750413652487	0.007220495460764016
-5.94892059253203	0.007491420238467403
-5.935691864891973	0.007527029081597554
-5.922463137251916	0.007563051795619493
-5.896005681971802	0.007636371269666671
-5.843090771411574	0.007788335093434423
-5.737260950291118	0.008115389753488442
-5.724032222651061	0.008158595898400938
-5.710803495011004	0.008202344268958335
-5.68434603973089	0.008291496918282203
-5.631431129170662	0.008476619545253269
-5.525601308050206	0.008875459814748849
-5.512372580410149	0.008928085669964836
-5.499143852770092	0.008981337558118755
-5.472686397489978	0.0090897253381964
-5.41977148692975	0.009314041819302349
-5.313941665809294	0.009792222769719944
-5.301594294007785	0.009850468352412324
-5.289246922206276	0.009909198630342357
-5.264552178603258	0.010028069277636475
-5.2151626913972216	0.010271083013429693
-5.11638371698515	0.010774239212650909
-5.104036345183641	0.010838295232411574
-5.091688973382132	0.010902515695445248
-5.066994229779114	0.01103131733485741
-5.017604742573079	0.011289330971771594
-4.918825768161007	0.011797020847746146
-4.906478396359498	0.011858668053487412
-4.894131024557989	0.011919707232263982
-4.869436280954971	0.012039683931346433
-4.820046793748935	0.012269128129568756
-4.807699421947426	0.012323827110996671
-4.795352050145917	0.012377286868583371
-4.770657306542899	0.012480114170251766
-4.758309934741391	0.012529286099256976
-4.745962562939882	0.01257682744253993
-4.721267819336863	0.012666589008263378
-4.708920447535354	0.01270858555048063
-4.696573075733845	0.012748504017794522
-4.684225703932336	0.012786223283058775
-4.671878332130827	0.012821618390591075
-4.6595309603293185	0.012854560494146499
-4.64718358852781	0.01288491679575653
-4.634836216726301	0.012912550485524435
-4.622488844924792	0.012937320682470513
-4.610141473123283	0.012959082376522922
-4.5977941013217745	0.012977686371751259
-4.585446729520266	0.012992979230944635
-4.573099357718756	0.013004803221635552
-4.560751985917246	0.013012996263675856
-4.5484046141157375	0.01301739187847121
-4.536057242314229	0.013017819139984578
-4.52370987051272	0.013014102627619716
-4.510330589321729	0.01300518888811856
-4.496951308130738	0.012990963408784076
-4.483572026939747	0.012971184779306658
-4.470192745748756	0.012945605154271227
-4.456813464557765	0.012913970199923856
-4.443434183366774	0.012876019045709987
-4.430054902175783	0.012831484240024234
-4.416675620984792	0.01278009171071091
-4.403296339793801	0.012721560730487833
-4.38991705860281	0.012655603887527452
-4.376537777411819	0.012581927061426405
-4.363158496220828	0.012500229404800618
-4.349779215029837	0.012410203330743413
-4.336399933838846	0.012311534506387653
-4.309641371456865	0.012086977551543122
-4.296262090265875	0.011960427057876893
-4.282882809074884	0.011823909121300144
-4.269503527883893	0.011677075813224143
-4.256124246692902	0.011519572562299372
-4.242744965501911	0.011351038197550282
-4.22936568431092	0.011171104999579927
-4.2026071219289385	0.010775538849966293
-4.1892278407379475	0.010559138296163
-4.1758485595469566	0.010329803867648736
-4.149089997164975	0.009830729753345473
-4.135710715973984	0.009560173220538655
-4.122331434782993	0.009275049358050534
-4.095572872401011	0.008659402511790135
-4.08219359121002	0.008328017270458711
-4.068814310019029	0.007980340507032536
-4.042055747637047	0.007234331265403661
-4.028676466446056	0.006835096290962905
-4.015297185255065	0.006417765215148891
-3.9885386228730835	0.005526961905339495
-3.975159341682093	0.005052553555195238
-3.961780060491102	0.00455817738114242
-3.93502149810912	0.003507612342549482
-3.881504373345156	0.001145721392194321
-3.8681250921541652	0.0004980852310785266
-3.8547458109631743	-0.0001733950613106161
-3.8279872485811923	-0.001589851023047234
-3.8146079673902014	-0.0023358081364063255
-3.8012286861992104	-0.0031075714447001412
-3.7744701238172285	-0.004730470270302045
-3.7610908426262375	-0.005582578241076913
-3.7477115614352465	-0.006462436381322212
-3.7209529990532646	-0.008307318679106307
-3.667435874289301	-0.012350932052115321
-3.6543001938608484	-0.013418166020139427
-3.641164513432395	-0.014515718189538562
-3.6148931525754895	-0.016803424215264845
-3.5623504308616782	-0.021760329093692327
-3.5492147504332254	-0.023081238138922724
-3.5360790700047726	-0.024435536307505
-3.5098077091478666	-0.027245642166971618
-3.457264987434055	-0.03328057391584946
-3.444129307005602	-0.034877353507566294
-3.4309936265771492	-0.03650985603402784
-3.4047222657202436	-0.039882907188015515
-3.352179544006432	-0.04706632507764369
-3.247094100578809	-0.06320647180668977
-3.233958420150356	-0.06539068941220846
-3.2208227397219034	-0.06761174061886988
-3.1945513788649977	-0.07216376864440564
-3.142008657151186	-0.08170187638174664
-3.036923213723563	-0.10244301205571393
-3.0237875332951103	-0.10518312230211092
-3.0106518528666575	-0.10795412405881617
-2.984380492009752	-0.11358610941309386
-2.93183777029594	-0.1251890346022281
-2.8267523268683172	-0.14955007811218332
-2.8144980022784125	-0.1524723988754193
-2.802243677688508	-0.15540834923350882
-2.777735028508698	-0.16131689553927103
-2.7287177301490786	-0.17324912547339671
-2.63068313342984	-0.19729668855159646
-2.6184288088399352	-0.20029343319587287
-2.6061744842500305	-0.20328328204901858
-2.5816658350702206	-0.20923612975130534
-2.5326485367106013	-0.220989770977063
-2.4346139399913627	-0.24351033895341287
-2.422359615401458	-0.2461982531161322
-2.4101052908115532	-0.24885174197642995
-2.3855966416317433	-0.25404782138950394
-2.336579343272124	-0.2639421648296386
-2.3243250186822193	-0.26630058354602926
-2.3120706940923146	-0.2686089606781946
-2.2875620449125047	-0.27306756412886535
-2.2385447465528854	-0.2812956053228436
-2.2262904219629807	-0.2831972020258025
-2.214036097373076	-0.2850325654702503
-2.189527448193266	-0.28849645927420864
-2.177273123603361	-0.2901209297730456
-2.165018799013456	-0.29167105006006916
-2.1405101498336467	-0.2945401802932808
-2.128255825243742	-0.29585518130004085
-2.1160015006538373	-0.29708781713762195
-2.1037471760639326	-0.2982361108523793
-2.0914928514740274	-0.2992980991837907
-2.0792385268841223	-0.30027183408017416
-2.0669842022942175	-0.301155384227777
-2.054729877704313	-0.30194683659216004
-2.042475553114408	-0.3026442979707716
-2.029189319135021	-0.30329212094917085
-2.0159030851556343	-0.3038249019694625
-2.0026168511762474	-0.3042403201170326
-1.989330617196861	-0.30453609095543144
-1.976044383217474	-0.304709968911262
-1.9627581492380874	-0.30475974966502095
-1.9494719152587008	-0.30468327254561683
-1.936185681279314	-0.3044784229262481
-1.922899447299927	-0.30414313461928427
-1.9096132133205403	-0.3036753922677576
-1.8963269793411537	-0.3030732337310359
-1.8830407453617668	-0.3023347524622182
-1.86975451138238	-0.301458099874759
-1.8564682774029932	-0.3004414876958087
-1.8431820434236066	-0.2992831903037215
-1.8298958094442197	-0.29798154704717333
-1.8166095754648328	-0.29653496454329975
-1.8033233414854462	-0.294941918952259
-1.7900371075060595	-0.2932009582256013
-1.7767508735266726	-0.29131070432582656
-1.7634646395472857	-0.28926985541449285
-1.750178405567899	-0.2870771880062435
-1.7236059376091255	-0.2822319081874761
-1.7103197036297386	-0.27957725942801515
-1.697033469650352	-0.2767667235010703
-1.6704610016915784	-0.2706748774113782
-1.6571747677121915	-0.2673922387591606
-1.6438885337328049	-0.2639510595894178
-1.6173160657740313	-0.25659146393456334
-1.6040298317946444	-0.25267248478014204
-1.5907435978152578	-0.24859384291879139
-1.5641711298564842	-0.23995755793546633
-1.5508848958770973	-0.2354001682551745
-1.5375986618977107	-0.23068362534365044
-1.5110261939389371	-0.2207747579096624
-1.4977399599595502	-0.21558354432782978
-1.4844537259801636	-0.21023540136007934
-1.45788125802139	-0.19907176577455504
-1.404736322103843	-0.17490546978659813
-1.391450088124456	-0.1684884182987748
-1.3781638541450694	-0.16192425661017432
-1.3515913861862958	-0.1483616816760805
-1.2984464502687487	-0.11955549886840008
-1.1921565784336543	-0.055762131215892186
-1.1797517002928157	-0.04783096970425237
-1.167346822151977	-0.03980745380336532
-1.1425370658702994	-0.023494828849272717
-1.0929175533069444	0.010108267917964956
-0.9936785281802345	0.08048990881366158
-0.7952004779268147	0.22725798545743178
-0.7827955997859759	0.2364077714161977
-0.7703907216451372	0.24552904233452877
-0.7455809653634597	0.26366847396138327
-0.6959614528001048	0.29941163326294684
-0.5967224276733949	0.3677722017311288
-0.5843175495325561	0.37593962709883855
-0.5719126713917174	0.3840089318215047
-0.54710291511004	0.39983652379070733
-0.497483402546685	0.43013336107927796
-0.48507852440584626	0.4374013156325817
-0.4726736462650075	0.44453899747899506
-0.44786388998333004	0.4584084579584719
-0.3982443774199751	0.48442172823537294
-0.3860831000416744	0.49042634334848445
-0.3739218226633737	0.49627847897005634
-0.3495992679067723	0.5075132154821143
-0.3374379905284716	0.5128899573063754
-0.3252767131501709	0.5181025056289825
-0.30095415839356954	0.5280241794564263
-0.28879288101526884	0.5327280927499637
-0.27663160363696815	0.5372573918133685
-0.25230904888036676	0.5457826814315805
-0.24014777150206607	0.5497741656703403
-0.2279864941237654	0.5535820262603338
-0.20366393936716404	0.5606388948587824
-0.19150266198886334	0.5638841538043728
-0.17934138461056265	0.5669382936623638
-0.16718010723226195	0.5697996875807213
-0.15501882985396126	0.572466809953814
-0.14285755247566057	0.5749382375196561
-0.13069627509735987	0.5772126503844227
-0.11853499771905918	0.5792888329733052
-0.1063737203407585	0.5811656749068552
-0.0942124429624578	0.5828421718020218
-0.0820511655841571	0.5843174259971559
-0.06988988820585641	0.585590647200331
-0.057728610827555725	0.5866611530603858
-0.04556733344925504	0.5875283696601811
-0.03340605607095434	0.5881918319316151
-0.02124477869265365	0.5886511839920242
-0.009083501314352954	0.5889061794016692
0.0030777760639477385	0.5889566813420626
0.015239053442248431	0.5888026627149869
0.027400330820549122	0.5884442061621059
0.03956160819884982	0.5878815040051543
0.051722885577150504	0.5871148581067611
0.0638841629554512	0.5861446796520293
0.07604544033375189	0.5849714888510748
0.08820671771205259	0.5835959145627884
0.10036799509035327	0.5820186938401688
0.11252927246865396	0.5802406713976324
0.12469054984695466	0.5782627990007875
0.13685182722525535	0.5760861347792193
0.14901310460355605	0.5737118424629174
0.16117438198185674	0.5711411905430244
0.18549693673845813	0.5654164001037457
0.19765821411675882	0.5622653137754065
0.20981949149505952	0.5589239700304367
0.2341420462516609	0.5516777169402247
0.2463033236299616	0.5477766550349523
0.2584646010082623	0.5436930278371724
0.2827871557648637	0.5349868160389912
0.2949484331431644	0.530368830083872
0.3071097105214651	0.5255774728498463
0.33143226527806646	0.5154848151523546
0.3800773747912692	0.4933356101523632
0.3932705615590518	0.4868957737975716
0.4064637483268344	0.48027864176273294
0.4328501218623997	0.466528725883338
0.48562286893353024	0.4370850919566185
0.5911683630757913	0.371440884447061
0.6043615498435739	0.362695577947618
0.6175547366113566	0.353846995462239
0.6439411101469219	0.3358605422978
0.6967138572180525	0.29887601754463927
0.8022593513603136	0.22204033453710612
0.8154525381280961	0.21227025949687536
0.8286457248958788	0.20248093135755935
0.8550320984314441	0.1828653467462673
0.9078048455025747	0.14363054553788276
1.0133503396448358	0.06626361218254209
1.0265435264126184	0.05678951179826214
1.039736713180401	0.04737436808658895
1.0661230867159663	0.028738361920256108
1.118895833787097	-0.007639156787869426
1.224441327929358	-0.07595099830466868
1.2367531588585927	-0.08347060971022001
1.2490649897878272	-0.09088735893477029
1.2736886516462964	-0.10540297081233355
1.3229359753632348	-0.13310211015120216
1.3352478062924695	-0.13973772785262067
1.347559637221704	-0.14625401795202894
1.3721832990801732	-0.1589219661341842
1.4214306227971116	-0.1827575218570386
1.4337424537263463	-0.18839611579919235
1.4460542846555808	-0.19390428151287561
1.47067794651405	-0.20452538114910554
1.4829897774432848	-0.20963655070052392
1.4953016083725192	-0.21461376253182432
1.5199252702309884	-0.2241636959550988
1.5322371011602232	-0.22873531364482896
1.5445489320894576	-0.23317076461199665
1.5691725939479269	-0.24163184544526398
1.618419917664865	-0.2569098817812739
1.6307317485940995	-0.26038675614692514
1.6430435795233342	-0.2637268412281892
1.6676672413818032	-0.2699977602230819
1.679979072311038	-0.27292933116348683
1.6922909032402724	-0.27572558456165575
1.7169145650987416	-0.2809143736153026
1.7292263960279763	-0.28330819332859386
1.7415382269572108	-0.28556926102196023
1.7538500578864453	-0.28769837945024135
1.76616188881568	-0.28969641321727846
1.7784737197449147	-0.29156428737553963
1.7907855506741492	-0.2933029859996193
1.8030973816033837	-0.2949135507351569
1.8154092125326184	-0.29639707932472126
1.8277210434618532	-0.2977547241122093
1.8400328743910876	-0.2989876905273052
1.8523447053203221	-0.30009723555154355
1.8646565362495569	-0.3010846661675186
1.8769683671787916	-0.30195133779277417
1.889280198108026	-0.30269865269989965
1.9015920290372605	-0.3033280584243563
1.9139038599664953	-0.3038410461615391
1.92621569089573	-0.30423914915457523
1.9385275218249645	-0.3045239410743434
1.950839352754199	-0.3046970343931872
1.9631511836834337	-0.3047600787537764
1.9754630146126684	-0.30471475933455944
1.9877748455419029	-0.30456279521322605
2.0000866764711374	-0.3043059377295846
2.012398507400372	-0.3039459688492367
2.025742247719089	-0.30344149526788206
2.0390859880378054	-0.30282037095565684
2.052429728356522	-0.30208497297934045
2.0657734686752383	-0.3012377113069618
2.0791172089939547	-0.3002810263991615
2.092460949312671	-0.2992173868150083
2.1058046896313876	-0.29804928683438375
2.119148429950104	-0.2967792440989963
2.1324921702688204	-0.2954097972740307
2.145835910587537	-0.29394350373238604
2.17252339122497	-0.29073068580781203
2.185867131543687	-0.2889893492210056
2.1992108718624035	-0.2871615370657529
2.2258983524998364	-0.2832569598173581
2.239242092818553	-0.2811854429726901
2.2525858331372692	-0.2790379428763064
2.2792733137747025	-0.2745254946980564
2.3326482750495687	-0.26470405238595557
2.345992015368285	-0.26209790905586033
2.3593357556870016	-0.25943660604722324
2.386023236324435	-0.25395870846350277
2.439398197599301	-0.2424520045439952
2.4527419379180175	-0.23947494109288203
2.466085678236734	-0.23646255798797108
2.4927731588741673	-0.23034128838694842
2.5461481201490335	-0.21777725302160605
2.652898042698766	-0.19185140318918414
2.8663978877982306	-0.14020108238140508
2.8794980273544093	-0.13715115671746542
2.8925981669105876	-0.13412259531530363
2.9187984460229446	-0.1281337100610053
2.9711990042476586	-0.11645567385540878
3.0760001206970866	-0.0944801570788798
3.0891002602532653	-0.09187569742515574
3.1022003998094436	-0.08930470723885707
3.1284006789218006	-0.084264886622865
3.1808012371465146	-0.07460429408596764
3.2856023535959427	-0.05701644739877604
3.2987024931521214	-0.05498331388062127
3.3118026327082997	-0.05298709575424282
3.3380029118206567	-0.04910531317413247
3.3904034700453707	-0.04178244506759554
3.4035036096015494	-0.04004289020636889
3.4166037491577277	-0.03833949659163838
3.4428040282700847	-0.035040435051676616
3.4952045864947987	-0.028866943399089018
3.5083047260509774	-0.02741054178477831
3.5214048656071557	-0.025988357203783452
3.5476051447195127	-0.02324538770645665
3.6000057029442267	-0.018155612747004085
3.6131058425004055	-0.016963609969763926
3.6262059820565837	-0.01580302644465098
3.6524062611689407	-0.01357453327461286
3.7048068193936543	-0.009476743198138737
3.717025603111285	-0.008587826866799597
3.729244386828915	-0.00772336172310395
3.7536819542641764	-0.006066347565112262
3.7659007379818066	-0.0052730728784290415
3.778119521699437	-0.00450279868567488
3.802557089134698	-0.003029776777878912
3.814775872852328	-0.0023262877526761816
3.826994656569959	-0.0016443171902530695
3.8514322240052197	-0.000343438353120451
3.9003073588757413	0.002016534887528315
3.9125261425933715	0.0025583339376072933
3.924744926311002	0.0030815991994779524
3.949182493746263	0.004074007231131993
3.9614012774638936	0.0045438856745157186
3.973620061181524	0.004996701274359833
3.998057628616785	0.005852594471946637
4.010276412334416	0.006256391663737815
4.022495196052046	0.006644564857154839
4.046932763487307	0.0073754498655759365
4.059151547204937	0.007718859705058485
4.0713703309225675	0.008048041309306413
4.095807898357829	0.008665080802352988
4.10802668207546	0.008953610569193214
4.12024546579309	0.00922925562515342
4.14468303322835	0.009743195015188263
4.156901816945981	0.009982131368886572
4.169120600663612	0.010209466869859782
4.193558168098873	0.01063057484711706
4.205776951816503	0.01082495658239687
4.217995735534133	0.011008955848709923
4.2302145192517635	0.011182866475476276
4.242433302969395	0.011346977870459893
4.254652086687026	0.011501574971531571
4.266870870404656	0.011646938203532027
4.291308437839916	0.01191106197038061
4.303527221557546	0.012030360470343567
4.315746005275177	0.01214150097881455
4.327964788992807	0.01224474087785294
4.340183572710438	0.012340332877487196
4.352402356428069	0.012428525004629536
4.364621140145699	0.012509560596044637
4.376839923863329	0.012583678295244757
4.3890587075809595	0.012651112053178516
4.40127749129859	0.01271209113258737
4.413496275016221	0.0127668401158994
4.425715058733852	0.012815578916533857
4.437933842451482	0.012858522793490083
4.450152626169112	0.012895882369096195
4.462371409886742	0.012927863649791614
4.474590193604373	0.012954668049823106
4.486808977322004	0.012976492417730849
4.500059670429117	0.012994754623215407
4.513310363536229	0.013007625492160887
4.526561056643342	0.013015338126097733
4.539811749750454	0.013018119502591638
4.553062442857566	0.01301619053396931
4.566313135964679	0.013009766129355525
4.579563829071791	0.012999055259878798
4.592814522178903	0.012984261026858332
4.606065215286016	0.01296558073278526
4.619315908393128	0.012943205954918012
4.6325666015002405	0.012917322621312607
4.645817294607353	0.012888111089116337
4.659067987714465	0.01285574622495352
4.6723186808215775	0.012820397487238719
4.698820067035802	0.012741399689846436
4.712070760142915	0.01269806327055431
4.725321453250027	0.012652368434077558
4.751822839464252	0.012554473460850491
4.804825611892701	0.012336383692845433
4.818076304999813	0.01227793679380978
4.831326998106926	0.012218149604261774
4.8578283843211505	0.0120949791944845
4.9108311567496	0.011837001796186875
4.924081849856712	0.011770610382980336
4.937332542963825	0.011703626088772935
4.963833929178049	0.011568182592338
5.016836701606499	0.011293337289947778
5.1228422464633985	0.010740809425656205
5.334853336177197	0.009694709790378158
5.347222673445762	0.009637714905650034
5.359592010714326	0.009581237977499792
5.384330685251454	0.00946986305389074
5.433808034325712	0.00925356061074729
5.532762732474227	0.008847231027426034
5.545132069742792	0.008798903139109441
5.5575014070113555	0.00875111695464788
5.582240081548484	0.008657157979253349
5.631717430622742	0.00847559290387331
5.730672128771257	0.008136842091804233
5.743041466039822	0.008096678423608672
5.7554108033083855	0.008056979349962374
5.780149477845514	0.007978949732847719
5.829626826919772	0.00782818358786677
5.928581525068287	0.00754633905668725
6.126490921365316	0.007049600099147339
6.138616657871342	0.0070216322293761195
6.150742394377369	0.006993915552963256
6.174993867389421	0.006939215281306485
6.223496813413526	0.006832608184824289
6.320502705461736	0.006629527538500923
6.514514489558158	0.0062567118835054275
6.526640226064184	0.0062346449337040396
6.53876596257021	0.006212705654288554
6.563017435582263	0.006169199865276177
6.611520381606368	0.006083611382484725
6.708526273654579	0.005917635297952528
6.902538057751	0.0056032931475448605
6.9156957036465085	0.005582713797962199
6.928853349542017	0.005562219993438228
6.955168641333033	0.0055214839719466
7.0077992249150665	0.005440985314819301
7.113060392079133	0.00528364992544255
7.323582726407265	0.004982193409906778
7.744627395063529	0.004425091598785624
7.7569036851204896	0.004409687654853597
7.769179975177449	0.004394329201075332
7.7937325552913705	0.004363748216898056
7.842837715519211	0.004303126244460727
7.941048035974893	0.00418401441434136
8.137468676886256	0.003954116966710594
8.530309958708983	0.003526200058086324
8.543618158155425	0.003512420777577706
8.556926357601867	0.003498687298864711
8.58354275649475	0.00347135729745756
8.63677555428052	0.0034172419796628106
8.743241149852057	0.0033111650553517384
8.956172340995133	0.0031074268684311446
9.382034723281283	0.002732033071541411
9.394461566889177	0.0027216938405950327
9.406888410497071	0.0027113884123239913
9.43174209771286	0.002690878613318056
9.481449472144437	0.0026502607961636903
9.58086422100759	0.002570612755739546
9.779693718733895	0.0024175119295706225
10.177352714186508	0.0021348706281525353
10.189535957031865	0.0021266851126279505
10.201719199877221	0.0021185268764914358
10.226085685567933	0.002102291936684238
10.274818656949357	0.002070146053755064
10.372284599712206	0.00200713331153588
10.567216485237903	0.0018860899031375967
10.957080256289299	0.0016628875215640938
10.970295408524137	0.0016557420725175633
10.983510560758974	0.001648623263820619
11.00994086522865	0.0016344652212446134
11.062801474168003	0.001606465022924177
11.168522692046707	0.0015517090423109504
11.379965127804116	0.0014470244078585302
11.802849999318934	0.0012558056745936425
11.815183795715225	0.0012505722997840614
11.827517592111514	0.0012453576635700688
11.852185184904094	0.0012349843678881689
11.901520370489253	0.0012144600188720152
12.000190741659573	0.0011742871023733056
12.197531484000212	0.0010973409470519876
12.209865280396503	0.001092678307817438
12.222199076792792	0.0010880325694643533
12.246866669585373	0.0010787915758146277
12.296201855170532	0.0010605099919800826
12.394872226340851	0.0010247363329856513
12.592212968681492	0.0009562521934977086
12.605578674467264	0.0009517574903817258
12.618944380253037	0.0009472806512510409
12.64567579182458	0.0009383803095162971
12.69913861496767	0.0009207911952283099
12.806064261253844	0.0008864451931873312
13.019915553826195	0.0008209723043576169
13.033281259611966	0.0008170185203640046
13.046646965397738	0.0008130806517137722
13.073378376969282	0.0008052524295719277
13.12684120011237	0.000789784440134559
13.233766846398545	0.0007595895878315453
13.447618138970897	0.0007020652665757215
13.460740243994131	0.0006986561800915725
13.473862349017367	0.0006952607395111637
13.500106559063834	0.0006885105991159268
13.552594979156769	0.0006751719116737179
13.657571819342639	0.0006491300852338802
13.867525499714382	0.000599504122229873
13.880647604737616	0.0005965080422301735
13.89376970976085	0.0005935241086737488
13.920013919807317	0.0005875925036460813
13.972502339900252	0.000575873109464012
14.077479180086124	0.0005529998473496542
14.287432860457866	0.0005094394531799246
14.299673609642552	0.0005069869973988658
14.311914358827238	0.0005045439404661074
14.33639585719661	0.0004996858938436308
14.385358853935353	0.0004900811701202684
14.48328484741284	0.00047131008939116023
14.679136834367814	0.00043546583071799386
14.6913775835525	0.00043329858575135577
14.703618332737186	0.0004311397534431296
14.728099831106558	0.00042684720997904907
14.7770628278453	0.0004183617951457018
14.874988821322788	0.0004017832316816697
15.07084080827776	0.000370145019378881
15.084113466851928	0.00036807209204973816
15.097386125426095	0.00036600800655798
15.123931442574431	0.00036190622689558256
15.1770220768711	0.0003538073001150368
15.283203345464443	0.00033802061267572544
15.495565882651128	0.0003080345210544914
15.508838541225296	0.0003062284497763055
15.522111199799465	0.0003044302024730025
15.5486565169478	0.0003008570599217038
15.60174715124447	0.0002938033498717937
15.707928419837813	0.0002800596524977911
15.920290957024498	0.00025397591072886166
15.932682259760117	0.0002525098881869829
15.945073562495738	0.00025104989453716395
15.969856167966977	0.00024814790689177977
16.019421378909456	0.00024241532517224504
16.118551800794414	0.0002312309566280289
16.31681264456433	0.00020994812039911315
16.32920394729995	0.00020866457911637454
16.341595250035567	0.00020738640529337
16.36637785550681	0.00020484608194505302
16.415943066449287	0.00019982898954561948
16.515073488334245	0.00019004473328661621
16.713334332104164	0.00017144247904801995
16.725482034077245	0.00017034331945688346
16.73762973605033	0.00016924874818659893
16.761925139996492	0.00016707330456755973
16.810515947888817	0.0001627767537937066
16.907697563673473	0.0001543973699504039
17.102060795242778	0.00013846516649449302
17.11420849721586	0.0001375049045999055
17.12635619918894	0.0001365487288044632
17.150651603135106	0.00013464857621762598
17.199242411027434	0.00013089665482035395
17.296424026812087	0.0001235830909249707
17.490787258381395	0.00010969168212897904
17.50396686974396	0.00010878415980798955
17.517146481106522	0.00010788091551192916
17.54350570383165	0.00010608719308965401
17.596224149281905	0.00010255034104910722
17.701661040182415	0.00009567528435418249
17.912534821983435	0.00008269077039123013
17.925714433346	0.00008191201603923221
17.93889404470856	0.00008113702560071565
17.965253267433688	0.0000795982760610969
18.017971712883945	0.00007656528262617822
18.123408603784455	0.00007067400702269
18.33428238558547	0.00005956453902870081
18.346580641109483	0.00005894340701142987
18.3588788966335	0.000058325155398172976
18.38347540768153	0.00005709724982787376
18.432668429777593	0.000054675526552532385
18.531054473969718	0.00004996604091951997
18.727826562353968	0.00004106428079180566
18.740124817877984	0.000040530099967280324
18.752423073402	0.0000399984689806814
18.77701958445003	0.00003894281755106204
18.826212606546093	0.00003686168594099781
18.92459865073822	0.00003281796812171789
19.12137073912247	0.000025188034013785105
19.135099308568577	0.000024677740364128804
19.148827878014686	0.000024170254170071933
19.176285016906906	0.000023163655684477072
19.231199294691343	0.000021183617742442083
19.341027850260218	0.00001735352502388191
19.560684961397968	0.000010192671111071107
19.574413530844076	9.766432499155062e-6
19.588142100290185	9.342636219854299e-6
19.615599239182405	8.502327994869906e-6
19.670513516966842	6.850552587080142e-6
19.780342072535717	3.660030324222763e-6
19.794070641981826	3.271611119453418e-6
19.807799211427934	2.8854683737204863e-6
19.835256350320154	2.1199721965303586e-6
19.890170628104592	6.15858832605344e-7
19.9038991975507	2.4537275924428185e-7
19.917627766996812	-1.22915975639742e-7
19.945084905889033	-8.529402638924034e-7
19.95881347533514	-1.214695139508252e-6
19.97254204478125	-1.5742913218414354e-6
19.986270614227358	-1.9317383779539804e-6
19.99999918367347	-2.2870458383098022e-6