-499.99997959183673	1.80243395003712e-6
-499.6932820919586	1.8112688933005235e-6
-499.38658459208057	1.8201308768850945e-6
-498.77318959232434	1.8379361610126121e-6
-497.546399592812	1.8738731224898875e-6
-495.0928195937872	1.9470559497291176e-6
-490.18565959573766	2.098610165015816e-6
-480.37133959963865	2.422287144053731e-6
-459.09164458426943	3.2122500683718723e-6
-439.2221189105771	4.032649079411697e-6
-419.74235445694563	4.853073906089665e-6
-419.4121854026206	4.866554897847361e-6
-419.08201634829555	4.880009400659525e-6
-418.4216782396455	4.906836064094472e-6
-417.1010020223453	4.960138879759072e-6
-414.459649587745	5.065161160812837e-6
-409.17694471854435	5.267361451623395e-6
-408.8467756642193	5.2795920930958674e-6
-408.51660660989427	5.291769657093416e-6
-407.8562685012442	5.315961802468709e-6
-406.535592283944	5.363666778280358e-6
-403.8942398493437	5.45612478130425e-6
-398.61153498014306	5.6272336281170884e-6
-398.3033998217817	5.636571809092099e-6
-397.99526466342036	5.6458331962848385e-6
-397.3789943466977	5.664121639567836e-6
-396.1464537132523	5.6997326545078775e-6
-393.6813724463616	5.7668486592619365e-6
-393.37323728800027	5.774830987583055e-6
-393.06510212963894	5.782718894850299e-6
-392.44883181291624	5.7982066349699865e-6
-391.2162911794709	5.827995983972512e-6
-388.7512099125802	5.882559077395784e-6
-388.44307475421886	5.8888856028972854e-6
-388.13493959585753	5.895098301937456e-6
-387.5186692791348	5.907177234022688e-6
-386.2861286456895	5.929913607558533e-6
-385.97799348732815	5.935293953642992e-6
-385.6698583289668	5.940550123213761e-6
-385.0535880122441	5.950684423593547e-6
-383.82104737879877	5.969401212436304e-6
-383.51291222043744	5.973748635689294e-6
-383.2047770620761	5.977960373710137e-6
-382.5885067453534	5.9859707261114906e-6
-382.28037158699203	5.989766277297338e-6
-381.9722364286307	5.9934200197673745e-6
-381.35596611190806	6.0002958568732175e-6
-381.04783095354674	6.003514826474722e-6
-380.7396957951854	6.006585739877415e-6
-380.4315606368241	6.009507025872638e-6
-380.1234254784627	6.012277111219939e-6
-379.8152903201013	6.014894421023723e-6
-379.50715516174	6.017357378956811e-6
-378.89088484501735	6.021813925709968e-6
-378.55695195191896	6.02396372723947e-6
-378.22301905882057	6.02592466235341e-6
-377.8890861657222	6.027694704429862e-6
-377.5551532726238	6.029271817737866e-6
-377.2212203795254	6.030653954501412e-6
-376.887287486427	6.03183905330696e-6
-376.5533545933286	6.032825035413251e-6
-376.2194217002302	6.033609802679148e-6
-375.8854888071318	6.0341912351126285e-6
-375.55155591403343	6.034567188186639e-6
-375.21762302093504	6.034735491003635e-6
-374.88369012783664	6.034693944517331e-6
-374.54975723473825	6.034440319897111e-6
-374.21582434163986	6.0339723580177945e-6
-373.8818914485415	6.03328776892665e-6
-373.54795855544313	6.032384231602697e-6
-373.21402566234474	6.031259395074956e-6
-372.8800927692464	6.029910878533498e-6
-372.546159876148	6.028336273519415e-6
-372.2122269830496	6.026533145268542e-6
-371.8782940899512	6.0244990349196255e-6
-371.54436119685283	6.022231461885741e-6
-371.21042830375444	6.019727925705293e-6
-370.87649541065605	6.016985909178263e-6
-370.54256251755766	6.014002880916358e-6
-370.20862962445926	6.010776296879079e-6
-369.87469673136087	6.0073036028769275e-6
-369.5407638382625	6.003582236609704e-6
-369.2068309451641	5.999609628827909e-6
-368.8728980520657	5.995383204274694e-6
-368.2050322658689	5.986158577076309e-6
-367.8710993727705	5.981155197095148e-6
-367.5371664796721	5.9758876443227055e-6
-366.86930069347534	5.964549586058858e-6
-366.53536780037695	5.958473837242148e-6
-366.20143490727855	5.9521234244200305e-6
-365.5335691210818	5.938587952385166e-6
-365.19963622798343	5.931397514613926e-6
-364.8657033348851	5.923921650032027e-6
-364.1978375486883	5.908102599511134e-6
-362.86210597629474	5.872916156987595e-6
-362.52817308319635	5.8633634429743325e-6
-362.19424019009796	5.853502365303544e-6
-361.5263744039012	5.832842999203098e-6
-360.1906428315076	5.787688846991754e-6
-359.8567099384092	5.77558290672936e-6
-359.5227770453108	5.763143620001951e-6
-358.85491125911403	5.737252089622197e-6
-357.5191796867205	5.681326050397187e-6
-357.19133681268556	5.666736588137364e-6
-356.86349393865066	5.651800691281253e-6
-356.20780819058075	5.620877046356998e-6
-354.89643669444104	5.554733834086875e-6
-354.5685938204061	5.537284423356298e-6
-354.2407509463711	5.519463104595307e-6
-353.58506519830127	5.482691612946794e-6
-352.2736937021615	5.404539585867826e-6
-351.9458508281266	5.3840214586965696e-6
-351.61800795409164	5.36310431466236e-6
-350.9623222060218	5.3200587384096e-6
-349.650950709882	5.229020765063104e-6
-347.0282077176025	5.026318477971414e-6
-346.7003648435676	4.998972186996686e-6
-346.37252196953267	4.97116657329974e-6
-345.7168362214628	4.9141616301415225e-6
-344.40546472532304	4.794465869772252e-6
-344.0776218512881	4.76333405642973e-6
-343.7497789772532	4.7317110207136664e-6
-343.0940932291833	4.666974940456883e-6
-341.78272173304356	4.531426625768026e-6
-341.45487885900866	4.496249079246478e-6
-341.1270359849737	4.4605467547850775e-6
-340.47135023690385	4.387550258059397e-6
-339.1599787407641	4.2350648842676256e-6
-336.5372357484846	3.903091742880906e-6
-336.23142677041335	3.861955284586001e-6
-335.9256177923421	3.8202977793185e-6
-335.3139998361996	3.735403764717316e-6
-334.0907639239147	3.5591879230708976e-6
-331.64429209934485	3.180137812040968e-6
-331.3384831212736	3.130180679154932e-6
-331.03267414320237	3.0796370975547074e-6
-330.4210561870599	2.9767733794144644e-6
-329.1978202747749	2.7638172832939863e-6
-326.75134845020506	2.307980468913195e-6
-326.4455394721339	2.2481049787940525e-6
-326.13973049406263	2.1875701361610295e-6
-325.52811253792015	2.0645030996158334e-6
-324.3048766256352	1.81024340693933e-6
-321.85840480106526	1.2681164098924834e-6
-316.9654611519255	4.028702897085584e-8
-316.6338544391173	-5.026561605831056e-8
-316.30224772630896	-1.4178974894255003e-7
-315.6390343006924	-3.2778197084374825e-7
-314.3126074494593	-7.117511574750951e-7
-311.659753746993	-1.529330759770381e-6
-311.32814703418467	-1.6363326149895427e-6
-310.9965403213764	-1.7444282186568523e-6
-310.3333268957598	-1.963932428113895e-6
-309.0069000445267	-2.4164176361434267e-6
-306.3540463420604	-3.3771385910028284e-6
-306.0224396292522	-3.5026202303232177e-6
-305.69083291644387	-3.629328916744971e-6
-305.0276194908273	-3.886462889764208e-6
-303.7011926395942	-4.4158485376392595e-6
-301.0483389371279	-5.5371403361614314e-6
-295.74263153219533	-8.04674764392539e-6
-295.43305871535074	-8.204812341597626e-6
-295.12348589850615	-8.364212958175904e-6
-294.504340264817	-8.687056222648234e-6
-293.2660489974387	-9.349153600020366e-6
-290.789466462682	-0.00001074097044202933
-290.4798936458375	-0.000010921462140694527
-290.1703208289929	-0.000011103431832564328
-289.5511751953037	-0.000011471841939183125
-288.3128839279253	-0.000012226804098982441
-285.8363013931687	-0.00001381140132113322
-285.5267285763241	-0.00001401666315922241
-285.2171557594795	-0.00001422355465619939
-284.5980101257903	-0.00001464226631597528
-283.359718858412	-0.000015499685359071343
-280.8831363236553	-0.000017296800367820175
-275.929971254142	-0.000021239073980309452
-275.6264884563609	-0.000021496457455376726
-275.32300565857975	-0.000021755733555383152
-274.71604006301743	-0.000022280006348689766
-273.5021088718929	-0.000023351736319712254
-271.0742464896439	-0.000025590395278752252
-266.21852172514576	-0.000030468828375848243
-265.91503892736466	-0.00003079231015695868
-265.6115561295835	-0.00003111804864176608
-265.0045905340212	-0.00003177634365146391
-263.7906593428967	-0.000033120543748412054
-261.36279696064764	-0.00003592212785660364
-256.5070721961495	-0.00004200061877470112
-256.17779166363135	-0.00004243676297737976
-255.84851113111316	-0.00004287604156554298
-255.1899500660768	-0.000043764069207924076
-253.87282793600406	-0.00004557847947300307
-251.23858367585862	-0.000049364541044172663
-245.97009515556772	-0.00005759686616592201
-245.64081462304955	-0.00005814186998748076
-245.31153409053135	-0.00005869056733229759
-244.652973025495	-0.000059799114186772154
-243.33585089542225	-0.00006206131786559363
-240.70160663527682	-0.00006677018252425164
-235.43311811498592	-0.00007695807900795666
-235.12587147843143	-0.00007758509178210082
-234.81862484187695	-0.00007821582118296665
-234.204131568768	-0.00007948848768931487
-232.97514502255007	-0.00008207905405844542
-230.51717193011422	-0.00008744430713997046
-225.60122574524254	-0.00009893628720309376
-225.29397910868806	-0.00009968921319925038
-224.9867324721336	-0.00010044629842570658
-224.37223919902465	-0.00010197299795883241
-223.14325265280672	-0.00010507686729253028
-220.68527956037087	-0.00011148922485533508
-215.76933337549917	-0.0001251527197569935
-215.43628900420765	-0.00012611964737500175
-215.10324463291613	-0.0001270918778527013
-214.43715589033306	-0.00012905229132425915
-213.10497840516695	-0.0001330372203573113
-210.44062343483472	-0.00014126556619542194
-205.11191349417027	-0.00015876822944886442
-194.45449361284133	-0.0001979617098039623
-194.12753926061328	-0.0001992503920204373
-193.8005849083852	-0.00020054403473527765
-193.14667620392902	-0.00020314611311106814
-191.83885879501673	-0.00020840877261292659
-189.2232239771921	-0.00021916195959499033
-183.99195434154285	-0.00024151648940877023
-173.52941507024434	-0.0002888344437769394
-173.22449461397997	-0.00029024630602348365
-172.9195741577156	-0.0002916590350513028
-172.30973324518683	-0.0002944867006646722
-171.09005142012933	-0.0003001480054968889
-168.65068777001431	-0.0003114699617834485
-163.7719604697843	-0.00033388486031974557
-163.46704001351992	-0.0003352654433902832
-163.16211955725555	-0.0003366426635514593
-162.55227864472678	-0.0003393863113972281
-161.33259681966928	-0.0003448253378033905
-158.89323316955426	-0.00035546678963122675
-154.01450586932424	-0.0003754068885781656
-153.6837876783228	-0.0003766744242705497
-153.3530694873214	-0.00037792929226597514
-152.69163310531854	-0.0003803994838087052
-151.36876034131285	-0.0003851705102562407
-151.0380421503114	-0.00038632557183205553
-150.70732395931	-0.0003874646988192773
-150.04588757730716	-0.0003896933749873571
-148.72301481330143	-0.0003939395541180347
-148.39229662230002	-0.0003949543296078639
-148.06157843129859	-0.00039594941230845435
-147.4001420492957	-0.000397878459498964
-146.07726928529001	-0.000401477294013965
-145.74655109428858	-0.00040231980043270964
-145.41583290328717	-0.0004031382937989877
-144.75439652128432	-0.0004047008973771171
-143.43152375727863	-0.00040751158412609054
-143.1008055662772	-0.0004081450672530629
-142.77008737527578	-0.000408749575022958
-142.43936918427437	-0.0004093244377087243
-142.10865099327293	-0.00040986897399820747
-141.7779328022715	-0.00041038249080557407
-141.44721461127008	-0.00041086428307847943
-140.78577822926724	-0.0004117298127949776
-140.4550600382658	-0.00041211207850892686
-140.1243418472644	-0.00041245967581343457
-139.79362365626298	-0.00041277183678265644
-139.46290546526154	-0.00041304778027539615
-139.1321872742601	-0.0004132867117094888
-138.80146908325867	-0.00041348782283229935
-138.47075089225723	-0.0004136502914853807
-138.14003270125582	-0.0004137732813647744
-137.8093145102544	-0.0004138559417763298
-137.47859631925297	-0.0004138974073863891
-137.14787812825153	-0.00041389679796726195
-136.8171599372501	-0.000413853218139541
-136.48644174624866	-0.0004137657571085778
-136.15572355524725	-0.00041363348839732524
-135.82500536424584	-0.00041345546957509763
-135.4942871732444	-0.00041323074198226957
-135.16356898224296	-0.0004129583304501652
-134.83285079124155	-0.0004126372430181685
-134.50213260024015	-0.0004122664706449654
-134.1714144092387	-0.0004118449869181008
-133.84069621823727	-0.00041137174775651014
-133.50997802723586	-0.0004108456911109861
-133.17925983623445	-0.00041026573665890395
-132.848541645233	-0.00040963078549393316
-132.5398573501953	-0.00040898752907437066
-132.23117305515757	-0.0004082944623878919
-131.92248876011985	-0.0004075506465795214
-131.61380446508213	-0.00040675512774248235
-131.3051201700444	-0.00040590693667992
-130.99643587500668	-0.0004050050886615455
-130.3790672849312	-0.00040303640367770005
-130.0703829898935	-0.0004019675173312729
-129.76169869485577	-0.00040084087474692243
-129.14433010478032	-0.0003984100389260864
-128.8356458097426	-0.0003971036617045308
-128.52696151470488	-0.0003957351597119116
-127.90959292462942	-0.00039280721802399665
-127.60090862959169	-0.000391245450720043
-127.29222433455396	-0.00038961690281723825
-126.67485574447852	-0.0003861546013188017
-126.3661714494408	-0.0003843183667265578
-126.05748715440308	-0.00038241038888443043
-125.44011856432763	-0.0003783740184744623
-125.13143426928991	-0.0003762429809990933
-124.82274997425219	-0.00037403490975364273
-124.20538138417673	-0.0003693821378113471
-122.97064420402583	-0.0003590901114166323
-122.66195990898811	-0.0003563029895091996
-122.35327561395039	-0.00035342717741768115
-121.73590702387493	-0.00034740319581300777
-120.50116984372403	-0.0003342203469522489
-120.1924855486863	-0.0003306784193962927
-119.88380125364858	-0.00032703454245262354
-119.26643266357314	-0.00031943378677106913
-118.03169548342224	-0.0003029285371274117
-117.7230111883845	-0.00029851947959088374
-117.41432689334678	-0.00029399338122821413
-116.79695830327134	-0.00028458191618097056
-115.56222112312045	-0.00026426299242825603
-115.25353682808273	-0.00025885891271009017
-114.94485253304501	-0.0002533206003868701
-114.32748394296955	-0.0002418319924501105
-113.09274676281865	-0.00021713965942185315
-112.75826473304387	-0.0002100408884363055
-112.4237827032691	-0.00020276123199142372
-111.75481864371956	-0.00018764574683200597
-110.41689052462047	-0.00015509198776642854
-110.0824084948457	-0.0001464484436746751
-109.74792646507092	-0.00013759532551312157
-109.07896240552137	-0.00011924474670428251
-107.74103428642228	-0.00007985280040611608
-107.4065522566475	-0.00006941972382341476
-107.07207022687274	-0.000058743895407316045
-106.40310616732319	-0.00003664590049162814
-105.06517804822408	0.000010666802189638029
-104.73069601844931	0.000023172693316094566
-104.39621398867453	0.000035959775463113765
-103.727249929125	0.00006239848845058047
-102.3893218100259	0.00011888657323301008
-102.05483978025113	0.00013379379708700545
-101.72035775047635	0.00014902684398459168
-101.05139369092682	0.0001804947956409338
-99.71346557182773	0.00024761551400543855
-99.37898354205295	0.00026530592713713526
-99.04450151227817	0.0002833741121647669
-98.37553745272864	0.00032067222728703396
-97.03760933362955	0.00040012234970948526
-96.70312730385477	0.0004210409274962535
-96.36864527408	0.0004423979017555898
-95.69968121453046	0.00048646027145927604
-94.36175309543137	0.0005802207429914828
-91.68589685723317	0.0007923730318383226
-91.35750484652186	0.0008208635778972385
-91.02911283581054	0.0008499252098481784
-90.37232881438788	0.0009098050892006743
-89.05876077154261	0.0010369074054095966
-88.73036876083128	0.0010702812702165325
-88.40197675011996	0.0011043189408008434
-87.74519272869732	0.0011744367253747976
-86.43162468585203	0.0013232143561302742
-86.1032326751407	0.001362269198627402
-85.77484066442938	0.001402097102034365
-85.11805664300674	0.001484132315262978
-83.80448860016145	0.0016581600306906962
-81.17735251447087	0.0020498535767725784
-80.84896050375954	0.002103265160634936
-80.52056849304822	0.0021577315982952774
-79.86378447162558	0.002269913339861856
-78.55021642878029	0.0025078879413370433
-78.22182441806896	0.00257035102150735
-77.89343240735765	0.0026340497055722806
-77.23664838593501	0.0027652536476207995
-75.92308034308972	0.0030436164018905476
-75.59468833237841	0.0031166893761366
-75.26629632166708	0.003191211910770708
-74.60951230024443	0.0033447239145320135
-73.29594425739916	0.0036704807407243606
-70.66880817170858	0.004404477676759309
-70.36245005696095	0.00449789517043192
-70.05609194221333	0.004593062762867681
-69.4433757127181	0.004788791590058988
-68.21794325372761	0.005202892702770051
-67.91158513897999	0.005311373646959772
-67.60522702423236	0.0054219246932370145
-66.99251079473713	0.005649427158190008
-65.76707833574665	0.0061314870552207565
-65.46072022099902	0.006257971163595023
-65.1543621062514	0.006386968922212704
-64.54164587675616	0.006652785656912938
-63.31621341776568	0.007217908734638569
-63.00985530301806	0.007366684757578684
-62.70349718827044	0.007518660014275368
-62.0907809587752	0.007832665606928834
-60.86534849978471	0.008504565512842904
-60.55899038503709	0.00868255997389888
-60.25263227028947	0.008864906377388586
-59.63991604079422	0.009243444420789356
-58.41448358180374	0.010062262554765862
-58.10812546705611	0.010281351164819236
-57.801767352308495	0.010506790126601783
-57.189051122813254	0.01097808182722204
-55.96361866382277	0.01201321282246906
-55.65726054907515	0.01229385481455436
-55.35090243432753	0.012584240023844971
-54.73818620483229	0.013196490885633757
-54.431828090084664	0.01351956628128714
-54.12546997533705	0.01385480676513954
-53.512753745841806	0.014564598652204334
-53.20639563109418	0.014940653170341128
-52.900037516346565	0.015331880721382214
-52.28732128685132	0.016163297479376584
-51.9809631721037	0.016605309885335724
-51.67460505735608	0.017066142187101015
-51.06188882786084	0.018048363933040032
-50.72973297837617	0.018617028500537723
-50.3975771288915	0.01921298339943985
-49.73326542992216	0.020492812679213882
-49.40110958043749	0.021179832702304786
-49.06895373095283	0.021900427513896238
-48.404642031983485	0.023449085182283235
-48.072486182498814	0.024280596803408563
-47.74033033301414	0.02515256765526369
-47.07601863404481	0.02702497141684448
-46.743862784560136	0.02802894484579025
-46.41170693507547	0.029080437625474836
-45.74739523610613	0.03133281678464389
-45.41523938662146	0.032536999164716356
-45.08308353713679	0.03379526290220452
-44.41877183816745	0.036479753282112545
-44.08661598868278	0.03790855076233703
-43.754460139198116	0.03939653164130049
-43.09014844022877	0.04255347420428561
-42.7579925907441	0.04422364803476514
-42.42583674125943	0.04595538080279641
-41.761525042290096	0.049603195804790966
-40.43290164435142	0.05761595319566127
-40.10074579486675	0.059759977219145374
-39.768589945382075	0.06195569833015316
-39.10427824641274	0.06648908752402559
-37.77565484847406	0.0760006728407784
-37.44349899898939	0.07843859298688939
-37.11134314950472	0.0808867419028217
-36.447031450535384	0.08578063838447762
-35.118408052596706	0.09528635304337046
-34.786252203112035	0.09753853889707371
-34.454096353627364	0.09971556862934157
-34.1219405041427	0.10180340814199214
-33.78978465465803	0.10378729675348757
-33.45762880517336	0.10565176685536606
-33.12547295568869	0.10738066919319383
-32.79331710620402	0.10895720402216377
-32.46116125671935	0.11036395836307901
-32.12900540723468	0.11158294955655376
-31.79684955775001	0.11259567528181551
-31.464693708265344	0.11338317017153708
-31.132537858780672	0.11392606911572274
-30.800382009296005	0.11420467730590597
-30.468226159811337	0.11419904702592852
-30.136070310326666	0.11388906114752632
-29.803914460841998	0.11325452323805901
-29.493792507321032	0.11235129186370148
-29.183670553800063	0.11113121524242658
-28.873548600279094	0.10957812948951441
-28.563426646758124	0.1076761198593516
-28.253304693237155	0.10540960517143619
-27.94318273971619	0.1027634255215723
-27.633060786195223	0.09972293297622944
-27.322938832674254	0.09627408491250325
-27.012816879153284	0.09240353963089865
-26.702694925632315	0.08809875383352926
-26.392572972111346	0.08334808152659064
-26.08245101859038	0.07814087387340364
-25.772329065069414	0.07246757949324097
-25.462207111548445	0.0663198446718665
-24.841963204506506	0.05257422331121518
-24.531841250985536	0.04496650693839804
-24.221719297464567	0.03686488094937872
-23.60147539042263	0.019178040537901297
-23.291353436901666	0.009596389188225264
-22.981231483380697	-0.0004718853450563381
-22.360987576338758	-0.022039740582407652
-22.05086562281779	-0.03351982736716681
-21.74074366929682	-0.04544744061782033
-21.120499762254884	-0.07058224048096305
-19.88001194817101	-0.12540227291599484
-19.56988999465004	-0.13991039081566697
-19.25976804112907	-0.1546810280304635
-18.639524134087136	-0.18487481920927024
-17.399036320003262	-0.24681204416907282
-17.088914366482292	-0.2623761030230541
-16.778792412961323	-0.27788189088756937
-16.158548505919388	-0.3085267327327126
-14.918060691835514	-0.3669460710436436
-14.607938738314544	-0.38065182052157065
-14.297816784793577	-0.39389311837997226
-13.67757287775164	-0.41877291017948937
-13.36745092423067	-0.4303077340838052
-13.057328970709703	-0.44117122463786185
-12.747207017188735	-0.45131363770044514
-12.437085063667766	-0.4606864863292036
-12.126963110146797	-0.4692427754004057
-11.816841156625829	-0.4769372349611224
-11.506719203104861	-0.48372655102496703
-11.196597249583892	-0.4895695925069887
-10.886475296062924	-0.4944276329859963
-10.576353342541957	-0.49826456598373614
-10.266231389020987	-0.5010471124601269
-9.95610943550002	-0.5027450192422979
-9.652077501042502	-0.5033305919550194
-9.348045566584986	-0.5028253921719436
-9.044013632127468	-0.5012103849162028
-8.73998169766995	-0.49846995200595123
-8.435949763212433	-0.4945920151156651
-8.131917828754915	-0.4895681447866711
-7.827885894297398	-0.48339365458879885
-7.523853959839881	-0.47606767970682606
-7.2198220253823635	-0.4675932393031704
-6.915790090924847	-0.45797728209096966
-6.61175815646733	-0.44723071463946495
-6.307726222009812	-0.4353684120254807
-6.003694287552294	-0.4224092105403996
-5.699662353094777	-0.40837588226071586
-5.091598484179743	-0.3771973323939551
-4.787566549722225	-0.36011685001600136
-4.483534615264708	-0.34209154144171766
-3.8754707463496736	-0.30337558708014384
-2.659343008519605	-0.21664817906899697
-2.3553110740620875	-0.19334858536535654
-2.05127913960457	-0.1695215394981224
-1.4432152706895358	-0.12054152685926439
-0.2270875328594668	-0.019159974273049586
0.07694440159805044	0.006493477987720242
0.3809763360555677	0.03212900392023786
0.9890402049706022	0.08306364655046153
2.205167942800671	0.1816438422577626
2.5091998772581885	0.20521174545340387
2.8132318117157054	0.22822074429993688
3.42129568063074	0.27232253366270887
3.7253276150882573	0.29330178945483126
4.029359549545775	0.3134954876361061
4.637423418460809	0.35133081974012637
4.941455352918327	0.36888285454837216
5.245487287375844	0.38547043141146026
5.549519221833361	0.40105748853196976
5.853551156290878	0.41561166829323
6.157583090748396	0.42910440609323214
6.461615025205913	0.44151100117541475
6.76564695966343	0.4528106692886488
7.069678894120948	0.46298657711303853
7.373710828578465	0.47202585849169487
7.677742763035982	0.47991961261072613
7.981774697493499	0.4866628843696613
8.285806631951017	0.4922546272817233
8.589838566408535	0.49669764933714355
8.89387050086605	0.4999985423526515
9.197902435323568	0.5021675954153901
9.501934369781086	0.5032186931099497
9.831764038975653	0.5031149825002093
10.161593708170217	0.5017426589873771
10.491423377364782	0.4991327658825398
10.821253046559349	0.495320536286907
11.151082715753915	0.49034514179027067
11.480912384948482	0.48424942574532
11.810742054143049	0.47707962303662266
12.140571723337613	0.4688850683109059
12.470401392532178	0.4597178946677362
12.800231061726745	0.4496327248269043
13.459890400115878	0.42693744600901473
13.789720069310444	0.41444618602025285
14.11954973850501	0.40127398951676946
14.77920907689414	0.37313663781792694
15.109038746088707	0.35829757642239773
15.438868415283272	0.34302916033773556
16.098527753672403	0.31145514674150826
17.417846430450666	0.24586717885660422
17.747676099645233	0.22930280236575937
18.0775057688398	0.21278160177149102
18.737165107228932	0.1800723862468061
20.056483784007195	0.11727572507886513
20.38631345320176	0.10236049256462888
20.716143122396325	0.08782918171407196
21.375802460785458	0.0600359038359631
21.705632129980025	0.04682541711134709
22.03546179917459	0.03410182861614089
22.695121137563724	0.010186485924554504
23.02495080675829	-0.0009767241976116683
23.354780475952857	-0.01159582141821558
23.684610145147424	-0.021663254586865438
24.014439814341987	-0.031174008268137425
24.34426948353655	-0.04012550309346624
24.674099152731117	-0.04851748802260459
25.33375849112025	-0.06363287083631614
25.663588160314816	-0.07036634591991708
25.993417829509383	-0.07656020977773886
26.32324749870395	-0.08222402544276264
26.653077167898513	-0.08736892498752691
26.982906837093076	-0.09200747333300605
27.312736506287642	-0.09615353175016007
27.64256617548221	-0.09982212188437999
27.972395844676775	-0.10302929108563816
28.302225513871342	-0.10579197977655917
28.63205518306591	-0.1081278915374151
28.961884852260475	-0.11005536653178645
29.29171452145504	-0.11159325883986218
29.621544190649608	-0.11276081820859968
29.951373859844175	-0.11357757666976032
30.28120352903874	-0.11406324041863976
30.611033198233304	-0.11423758728859809
30.918828971464173	-0.11413689354385129
31.226624744695037	-0.11379825501495643
31.534420517925902	-0.11323748830315931
31.842216291156767	-0.11247020686445004
32.15001206438763	-0.11151176967416321
32.457807837618496	-0.1103772341660422
32.76560361084936	-0.10908131343730418
33.073399384080226	-0.10763833768702152
33.38119515731109	-0.10606221983253071
33.688990930541955	-0.10436642522768073
34.304582477003684	-0.10066727560699407
35.53576556992714	-0.09237029296420446
35.84356134315801	-0.09017163055708871
36.15135711638887	-0.0879425315520865
36.7669486628506	-0.08342723904172432
37.99813175577406	-0.07437718943905498
38.305927529004926	-0.07214795419453163
38.61372330223579	-0.06994279125006528
39.22931484869752	-0.06562236109923791
40.46049794162098	-0.05744023506280983
40.76829371485185	-0.0555062005997211
41.076089488082715	-0.053620745830930655
41.691681034544445	-0.050000898652357226
41.99947680777531	-0.048268434014769976
42.307272581006174	-0.046588444395042755
42.9228641274679	-0.043386942857767515
43.23065990069877	-0.04186541744816105
43.53845567392963	-0.04039637658137098
44.15404722039136	-0.03761373409093324
45.38523031331482	-0.032648433963567806
45.693026086545686	-0.03152628631523047
46.00082185977655	-0.030449473228611204
46.61641340623828	-0.028426693216195675
46.924209179469145	-0.027478045307090283
47.23200495270001	-0.02656938937343149
47.84759649916174	-0.024866442798670504
48.155392272392604	-0.024069331376242297
48.46318804562347	-0.023306584083771308
49.0787795920852	-0.0218786131751465
49.38657536531606	-0.021210649416600454
49.69437113854693	-0.02057157831778431
50.30996268500866	-0.01937491755691833
50.64355619297657	-0.018768965829801084
50.97714970094448	-0.01819092871120617
51.64433671688031	-0.017112732385150858
51.97793022484822	-0.01660977825207421
52.31152373281614	-0.01612915137094834
52.978710748751965	-0.015229918512913453
53.31230425671988	-0.01480897629161639
53.64589776468779	-0.014405688024871445
54.31308478062362	-0.01364802320896882
55.64745881249527	-0.0123029917627266
55.981052320463185	-0.011997524648475665
56.3146458284311	-0.011702957127786925
56.98183284436693	-0.011144038141033935
57.31542635233484	-0.010878545936464028
57.64901986030276	-0.010621667820302912
58.31620687623858	-0.010131871760192472
58.64980038420649	-0.009898093501054025
58.983393892174405	-0.009671204889110888
59.650580908110236	-0.009236690624175524
60.98495493998189	-0.00843621568460169
61.3185484479498	-0.008248854908975315
61.65214195591771	-0.008066148671533279
62.319328971853544	-0.0077139288988657545
63.6537030037252	-0.00705759195291806
63.98729651169311	-0.006902687034629503
64.32089001966102	-0.006751203406360809
64.98807703559686	-0.00645806314040113
66.3224510674685	-0.005908392816306181
66.65604457543643	-0.00577810402721704
66.98963808340433	-0.005650514367872537
67.65682509934015	-0.00540315828571012
68.99119913121181	-0.00493799192696856
71.65994719495512	-0.004113833632403897
71.98745068385958	-0.0040215528266080575
72.31495417276405	-0.003931074222423531
72.96996115057297	-0.0037553775397801276
74.27997510619082	-0.00342405254114056
74.60747859509527	-0.0033452086959905453
74.93498208399974	-0.0032678964430059576
75.58998906180867	-0.0031177454967669382
76.90000301742651	-0.002834525115749234
77.22750650633097	-0.002767116436069257
77.55500999523544	-0.002701013017415807
78.21001697304436	-0.002572619767549772
79.52003092866221	-0.002330401524112121
82.14005883989792	-0.0018991598890155453
82.46756232880239	-0.0018498330759902032
82.79506581770684	-0.001801458825108541
83.45007279551578	-0.0017074949800283104
84.76008675113363	-0.0015302156258647434
85.08759024003808	-0.0014880162383603523
85.41509372894255	-0.0014466328292875932
86.07010070675148	-0.0013662521863264734
87.38011466236932	-0.0012146208249979723
87.70761815127378	-0.0011785321514183773
88.03512164017825	-0.0011431438772313354
88.69012861798717	-0.001074416201688532
90.00014257360502	-0.0009448047108592435
92.62017048484071	-0.0007143486105443669
92.92564007778148	-0.0006897823875374534
93.23110967072223	-0.0006656682374092948
93.84204885660375	-0.0006187653423003038
95.06392722836681	-0.0005300532358383109
95.36939682130756	-0.0005088946301822974
95.67486641424833	-0.00048812998843948143
96.28580560012986	-0.0004477559748686604
97.5076839718929	-0.00037144925407935157
97.81315356483367	-0.0003532617149337102
98.11862315777442	-0.0003354178813694546
98.72956234365594	-0.00030073826880448805
99.95144071541898	-0.00023525542909987472
102.39519745894508	-0.0001186275828949116
102.70066705188583	-0.00010529807868614643
103.0061366448266	-0.00009223082020008446
103.61707583070813	-0.00006686561061736137
104.83895420247117	-0.000019094519095601976
105.14442379541194	-7.744536722582405e-6
105.44989338835269	3.3761935562687287e-6
106.06083257423421	0.000024945098395688508
107.28271094599725	0.00006549555780076454
107.58818053893802	0.00007511486162539827
107.89365013187877	0.00008453370918869696
108.50458931776029	0.00010278331701978714
109.72646768952335	0.00013702010673515323
110.0319372824641	0.0001451260849578836
110.33740687540487	0.00015305678396977359
110.9483460612864	0.0001684039678350684
112.17022443304944	0.00019712020436008873
112.50149176072725	0.00020446879579765338
112.83275908840506	0.00021163743461216947
113.49529374376068	0.00022544781416010195
114.82036305447193	0.00025104854486704436
115.15163038214973	0.0002570454956742193
115.48289770982754	0.0002628869801233086
116.14543236518317	0.00027411479755972307
117.47050167589441	0.0002948258493174878
117.80176900357222	0.00029965544956668945
118.13303633125003	0.0003043508467803427
118.79557098660565	0.0003133488074915895
119.12683831428348	0.0003176561533007739
119.45810564196128	0.0003218388622320404
120.1206402973169	0.0003298394867814996
120.4519076249947	0.00033366186311874994
120.78317495267251	0.00033736852542243733
121.44570960802812	0.0003444432134462397
122.77077891873937	0.00035729556240918225
123.10204624641719	0.0003602500114654704
123.433313574095	0.0003631048388362465
124.09584822945061	0.0003685230346798449
124.42711555712842	0.000371090027245561
124.75838288480622	0.00037356464742560255
125.42091754016184	0.0003782436831996673
125.75218486783965	0.0003804514815299795
126.08345219551745	0.0003825736739869897
126.74598685087308	0.00038656769426178
127.0772541785509	0.0003884426800913046
127.40852150622871	0.00039023837703799913
128.07105616158432	0.0003935979293441805
128.40232348926213	0.00039516473346486863
128.73359081693997	0.0003966581471199701
129.39612547229558	0.0003994304295326179
129.7273927999734	0.00040071205211748926
130.0586601276512	0.00040192579271388024
130.7211947830068	0.00040415488292447604
131.05246211068462	0.00040517280459942016
131.38372943836242	0.0004061279891620492
131.71499676604023	0.0004070216688957817
132.04626409371804	0.0004078550552367565
132.37753142139584	0.00040862933912501256
132.70879874907365	0.00040934569134761997
133.0400660767515	0.0004100052628763246
133.3713334044293	0.0004106091851986179
133.68056683614338	0.00041112369996553107
133.9898002678575	0.00041159158166386225
134.29903369957162	0.000412013706196512
134.60826713128574	0.00041239093560399565
134.91750056299986	0.00041272411828087094
135.22673399471395	0.00041301408918978204
135.53596742642804	0.0004132616700717384
135.84520085814216	0.0004134676696546484
136.15443428985628	0.0004136328838576643
136.4636677215704	0.00041375809599465094
136.77290115328452	0.00041384407697281117
137.0821345849986	0.0004138915854905678
137.3913680167127	0.0004139013682312608
137.70060144842682	0.00041387416005502105
138.00983488014094	0.0004138106841872455
138.31906831185506	0.00041371165240416594
138.62830174356918	0.000413577765215908
138.93753517528327	0.0004134097120459292
139.24676860699736	0.00041320817140744556
139.55600203871148	0.0004129738110771886
139.8652354704256	0.0004127072882652746
140.17446890213972	0.000412409249781832
140.48370233385384	0.0004120803322010761
140.79293576556793	0.00041172116202100977
141.10216919728202	0.0004113323558204707
141.41140262899614	0.0004109145204126011
142.02986949242438	0.0004099941412998385
142.3391029241385	0.00040949276373166386
142.6483363558526	0.0004089646895153332
143.2668032192808	0.0004078306829500347
143.57603665099492	0.00040722584437015777
143.885270082709	0.00040659649694393604
144.50373694613722	0.00040526636851522056
145.74067067299367	0.0004023345652709922
146.04990410470776	0.00040154790426200765
146.35913753642188	0.00040074070910518615
146.97760439985012	0.0003990665554624035
148.21453812670654	0.00039549165883602695
148.52377155842066	0.000394553242205155
148.83300499013475	0.00039359778273191474
149.45147185356296	0.0003916373499359173
150.6884055804194	0.0003875293704051642
153.16227303413228	0.0003786473332621506
153.46541644678294	0.00037750445044658305
153.7685598594336	0.0003763507121838416
154.3748466847349	0.000374011840145735
155.58742033533755	0.0003692164482689752
158.01256763654283	0.000359214796489548
162.86286223895334	0.0003379908662180654
172.5634514437744	0.0002933099561825088
172.8923925911621	0.0002917850089394908
173.22133373854982	0.0002902609464180447
173.87921603332524	0.0002872159642556893
175.19498062287605	0.0002811418543075668
177.8265098019777	0.0002690813453026324
183.089568160181	0.00024547674593604395
183.41850930756868	0.0002440298636846328
183.7474504549564	0.00024258672385892846
184.40533274973183	0.00023971190674939517
185.72109733928264	0.0002340096883543589
188.35262651838428	0.0002228062878255314
193.6156848765876	0.00020127780634978662
193.92259212801162	0.00020006071653705558
194.2294993794356	0.00019884798555560893
194.8433138822836	0.00019643567100794114
196.07094288797964	0.00019166409248788218
198.5262008993717	0.0001823363238325636
203.43671692215577	0.0001645605404387271
203.74362417357978	0.0001634889640732476
204.05053142500378	0.0001624220454124051
204.6643459278518	0.00016030218700436392
205.89197493354783	0.0001561184055327541
208.34723294493986	0.00014797445248425703
213.25774896772396	0.00013257588568370282
213.590453953885	0.00013157509596253142
213.92315894004605	0.00013057965591696877
214.58856891236817	0.0001286047856415163
215.9193888570124	0.0001247187935804299
218.58102874630083	0.00011719925888537507
223.9043085248777	0.0001031468202440898
224.23701351103875	0.00010231121463865483
224.5697184971998	0.00010148053750779623
225.23512846952192	0.00009983390439402768
226.56594841416614	0.00009659906509374826
229.22758830345458	0.00009035933452034711
234.55086808203143	0.00007876852610889593
234.8615391722288	0.00007812750091550948
235.17221026242612	0.00007749028838539146
235.79355244282084	0.00007622724143167836
237.03623680361028	0.00007374623866405967
239.5216055251891	0.00006896120358936811
244.49234296834675	0.000060071768932547925
244.8030140585441	0.00005954523886325322
245.11368514874147	0.00005902203717236907
245.73502732913616	0.000057985558790388074
246.97771168992557	0.00005595188113918792
249.4630804115044	0.000052038277682041334
254.43381785466204	0.000044799384464471445
254.73839892579593	0.000044380311278106276
255.04297999692983	0.00004396398301222822
255.65214213919765	0.000043139507643996265
256.87046642373326	0.00004152290785868016
259.3071149928045	0.000038416141462984006
264.1804121309469	0.000032684920353375163
264.4849932020808	0.00003234716409588256
264.7895742732147	0.00003201173810581906
265.3987364154825	0.00003134782790809878
266.6170607000181	0.00003004743403044836
269.05370926908927	0.000027553660024578
273.9270064072317	0.00002297306505023769
274.2573852131027	0.000022681276638087534
274.58776401897364	0.000022391788708860456
275.2485216307155	0.00002181965837337336
276.5700368541993	0.00002070239252590332
279.2130673011669	0.000018572799050807845
279.5434461070379	0.00001831617738376739
279.87382491290884	0.000018061640116306087
280.5345825246507	0.00001755876658119846
281.8560977481345	0.000016577460544385872
284.4991281951021	0.000014709750187796768
284.8295070009731	0.000014484938462125331
285.15988580684404	0.000014262008319766337
285.8206434185859	0.000013821744345057828
287.1421586420697	0.000012963266753989616
289.7851890890373	0.000011331892725529409
295.0712499829725	8.39124183199362e-6
295.37959489287977	8.232245461932977e-6
295.687939802787	8.074575896086411e-6
296.3046296226015	7.763183584315867e-6
297.5380092622305	7.15595406179507e-6
300.0047685414885	6.001901552536021e-6
300.31311345139574	5.8631536916182916e-6
300.621458361303	5.725604078586025e-6
301.2381481811175	5.454068926266393e-6
302.4715278207465	4.925041871177991e-6
304.93828710000446	3.921479551678361e-6
305.2466320099117	3.8009986178554923e-6
305.55497691981896	3.6815965974833914e-6
306.17166673963345	3.4460006244561826e-6
307.40504637926244	2.987442706898244e-6
309.87180565852043	2.119316611547172e-6
314.80532421703646	5.672347350214208e-7
315.1394668616807	4.705025969409101e-7
315.47360950632503	3.7479090369858526e-7
316.14189479561367	1.8639814240500527e-7
317.4784653741908	-1.7847735938518548e-7
320.15160653134524	-8.622443019693229e-7
320.48574917598955	-9.435441446093005e-7
320.8198918206338	-1.0239403446021577e-6
321.4881771099224	-1.1820490728410224e-6
322.8247476884996	-1.4877200917045615e-6
325.49788884565396	-2.0583520516509095e-6
325.8320314902983	-2.1259908127168336e-6
326.1661741349426	-2.1928308145965617e-6
326.83445942423117	-2.3241397594993092e-6
328.1710300028084	-2.577448034427388e-6
330.84417115996274	-3.04818762604069e-6
331.178313804607	-3.1037815819360606e-6
331.5124564492513	-3.1586727036376465e-6
332.18074173853995	-3.2663687135741038e-6
333.5173123171171	-3.4735692814536547e-6
336.1904534742715	-3.856404190214202e-6
336.5185060998524	-3.900587194950436e-6
336.8465587254332	-3.944174863176206e-6
337.50266397659493	-4.029583594145502e-6
338.8148744789183	-4.193469182216941e-6
339.1429271044991	-4.2330241556004375e-6
339.47097973008	-4.272021937507626e-6
340.12708498124164	-4.348364398117956e-6
341.43929548356505	-4.494563952125302e-6
341.7673481091459	-4.52978869981864e-6
342.09540073472675	-4.564492127256785e-6
342.75150598588846	-4.632352159640932e-6
344.0637164882118	-4.762002778647273e-6
346.6881374928586	-4.997943408819455e-6
347.01619011843945	-5.025324121020469e-6
347.3442427440203	-5.0522487054713294e-6
348.000347995182	-5.104745140859304e-6
349.31255849750534	-5.204435806874068e-6
349.64061112308616	-5.228276291615805e-6
349.96866374866704	-5.251691513306206e-6
350.6247689998287	-5.297261177968603e-6
351.9369795021521	-5.383460715852051e-6
352.265032127733	-5.404002601039695e-6
352.5930847533138	-5.424148382785626e-6
353.2491900044755	-5.463265529512224e-6
354.5614005067989	-5.536897402119191e-6
354.8894531323798	-5.5543659889141506e-6
355.2175057579606	-5.571465376032203e-6
355.8736110091223	-5.604569460287284e-6
357.1858215114457	-5.666488195226957e-6
357.49184024106285	-5.680122571218027e-6
357.79785897067995	-5.693457597164345e-6
358.4098964299143	-5.719239734343004e-6
359.63397134838283	-5.767322920964546e-6
359.939990078	-5.778633104684683e-6
360.24600880761716	-5.7896640162612145e-6
360.85804626685143	-5.810897874051341e-6
362.08212118532003	-5.8501218032897375e-6
362.38813991493714	-5.859265962840062e-6
362.6941586445543	-5.86815009713873e-6
363.3061961037886	-5.885147511378724e-6
363.61221483340574	-5.893265340461279e-6
363.9182335630229	-5.901132242179877e-6
364.5302710222572	-5.916122089897127e-6
364.83628975187435	-5.923249389253732e-6
365.14230848149145	-5.930134469951144e-6
365.7543459407258	-5.943186441399219e-6
366.97842085919433	-5.966475879031863e-6
367.28443958881144	-5.971723844996326e-6
367.5904583184286	-5.976746107509744e-6
368.2024957776629	-5.986121561584942e-6
368.50851450728004	-5.9904787572417385e-6
368.8145332368972	-5.994618259679615e-6
369.4265706961315	-6.0022521437032295e-6
369.73258942574864	-6.005750495408774e-6
370.03860815536575	-6.009039093876102e-6
370.3446268849829	-6.012119913583955e-6
370.6506456146001	-6.014994924048028e-6
370.9566643442172	-6.017666088046353e-6
371.26268307383435	-6.020135361096274e-6
371.5687018034515	-6.0224046894048755e-6
371.8747205330686	-6.024476009067575e-6
372.1807392626858	-6.0263512435647896e-6
372.48675799230296	-6.028032302961535e-6
372.79277672192006	-6.02952108228873e-6
373.0987954515372	-6.030819459396857e-6
373.4048141811544	-6.031929294276171e-6
373.7108329107715	-6.032852427538711e-6
374.01685164038867	-6.0335906793664365e-6
374.32287037000583	-6.034145849089997e-6
374.62888909962294	-6.0345197141801424e-6
374.9349078292401	-6.034714030187221e-6
375.24092655885727	-6.034730531615266e-6
375.5469452884744	-6.034570930730241e-6
375.85296401809154	-6.03423691937716e-6
376.1589827477087	-6.033730169681406e-6
376.4650014773258	-6.0330523344065716e-6
376.771020206943	-6.032205049479782e-6
377.10283667129715	-6.0310967395103745e-6
377.4346531356514	-6.029793155641486e-6
377.76646960000556	-6.028296326180543e-6
378.09828606435974	-6.026608264796292e-6
378.430102528714	-6.0247309728572035e-6
378.76191899306815	-6.022666441923841e-6
379.42555192177656	-6.017983591963608e-6
379.75736838613074	-6.0153692251901925e-6
380.0891848504849	-6.012575526109093e-6
380.7528177791933	-6.006458003640896e-6
381.0846342435475	-6.00313811159321e-6
381.41645070790173	-5.999646748907489e-6
382.0800836366101	-5.9921574388538575e-6
382.41190010096426	-5.988163390304932e-6
382.74371656531844	-5.98400566480424e-6
383.40734949402685	-5.975206872867872e-6
384.7346153514436	-5.9557288678764066e-6
385.06643181579784	-5.950478412000346e-6
385.398248280152	-5.945079184963963e-6
386.0618812088604	-5.933841434892315e-6
387.3891470662772	-5.9096563985207295e-6
387.72096353063137	-5.903263619719832e-6
388.0527799949856	-5.896735444908124e-6
388.71641292369395	-5.88327917954714e-6
390.04367878111077	-5.854810149203794e-6
392.6982104959443	-5.791986088781592e-6
393.03002696029847	-5.783610739703042e-6
393.36184342465265	-5.775124345956022e-6
394.02547635336106	-5.7578244225594145e-6
395.3527422107778	-5.7219575006141506e-6
398.0072739256114	-5.645473692925465e-6
398.3170564940019	-5.636159556361882e-6
398.6268390623924	-5.626767846233973e-6
399.2464041991734	-5.607755631371197e-6
400.48553447273537	-5.568842864412445e-6
402.9637950198593	-5.487673541725198e-6
407.9203161141072	-5.313625027540854e-6
417.83335830260296	-4.930640457398753e-6
437.2696814595337	-4.115565176989952e-6
458.35705963963545	-3.2414317507091506e-6
478.03426847806037	-2.5033264176557626e-6
478.3774827142131	-2.491332056551391e-6
478.7206969503659	-2.4793697490437753e-6
479.40712542267136	-2.4555413694841294e-6
480.7799823672824	-2.40827042630393e-6
483.5256962565045	-2.315286390016676e-6
489.01712403494855	-2.135710431159748e-6
489.36033827110134	-2.124773227797168e-6
489.7035525072541	-2.113869615098442e-6
490.3899809795596	-2.092163026671135e-6
491.7628379241706	-2.0491517703632627e-6
494.5085518133926	-1.9647395187154714e-6
494.8517660495454	-1.9543398083336247e-6
495.19498028569814	-1.943974040877735e-6
495.88140875800366	-1.9233445666762194e-6
497.2542657026147	-1.8824950522352325e-6
497.5974799387675	-1.8723680992075646e-6
497.9406941749202	-1.862275311549319e-6
498.62712264722575	-1.8421921238536659e-6
498.9703368833785	-1.8322016411729497e-6
499.3135511195312	-1.8222451609817483e-6
499.656765355684	-1.812322620378004e-6
499.99997959183673	-1.80243395003712e-6