-9.999999591836735	-3.949393196457434e-9
-9.993865641839172	-4.041508090389949e-9
-9.98773169184161	-4.133884391375152e-9
-9.975463791846487	-4.3196897628978645e-9
-9.95092799185624	-4.699536396753773e-9
-9.901856391875743	-5.513319909172896e-9
-9.895722441878181	-5.618986115697548e-9
-9.88958849188062	-5.725066359787284e-9
-9.877320591885496	-5.938232764670856e-9
-9.852784791895248	-6.370069167570443e-9
-9.803713191914753	-7.284554873914807e-9
-9.797579241917191	-7.404234984463229e-9
-9.79144529191963	-7.524710429296193e-9
-9.779177391924506	-7.767436163881591e-9
-9.754641591934258	-8.258110302463047e-9
-9.705569991953762	-9.281434989983576e-9
-9.607426791992772	-1.1522401876812999e-8
-9.60077688730047	-1.1683603795271773e-8
-9.594126982608167	-1.184658895641926e-8
-9.580827173223561	-1.2177475755634909e-8
-9.55422755445435	-1.2853477842733434e-8
-9.501028316915926	-1.4246442106742585e-8
-9.39462984183908	-1.7296793288672577e-8
-9.387979937146778	-1.749786772301063e-8
-9.381330032454475	-1.7700888283768423e-8
-9.36803022306987	-1.8112839574664814e-8
-9.341430604300657	-1.8956745803091687e-8
-9.288231366762233	-2.069405176624399e-8
-9.181832891685387	-2.4457535417049536e-8
-9.175623664912358	-2.4687340130502555e-8
-9.16941443813933	-2.4918777316107824e-8
-9.156995984593273	-2.538704837453873e-8
-9.132159077501157	-2.634525614027619e-8
-9.082485263316926	-2.8319503960188425e-8
-8.983137634948463	-3.252714230708893e-8
-8.976928408175434	-3.280074576143474e-8
-8.970719181402405	-3.307534923984584e-8
-8.958300727856347	-3.3628246846016674e-8
-8.933463820764231	-3.475390621121566e-8
-8.88379000658	-3.708874889352858e-8
-8.784442378211539	-4.200996936258583e-8
-8.778354951819779	-4.232455983203733e-8
-8.77226752542802	-4.264005057342483e-8
-8.7600926726445	-4.327348676831461e-8
-8.73574296707746	-4.4551862575211224e-8
-8.687043555943381	-4.7185309308243883e-8
-8.589644733675224	-5.270639113000297e-8
-8.394847089138908	-6.474523211574129e-8
-8.388243708052407	-6.51736475165525e-8
-8.381640326965908	-6.560395422045007e-8
-8.368433564792905	-6.64705439579194e-8
-8.3420200404469	-6.822484035357013e-8
-8.289192991754895	-7.177699348336758e-8
-8.183538894370882	-7.910435817319594e-8
-7.972230699602855	-9.436391323987142e-8
-7.966067996435628	-9.48138254705022e-8
-7.959905293268402	-9.526357872203331e-8
-7.947579886933948	-9.616335500089296e-8
-7.922929074265041	-9.79681859193008e-8
-7.873627448927227	-1.0158575861820977e-7
-7.7750241982515975	-1.0872340082477682e-7
-7.768861495084371	-1.091647784112477e-7
-7.762698791917144	-1.0960466524580648e-7
-7.750373385582691	-1.1047976065308728e-7
-7.725722572913783	-1.1221356445565887e-7
-7.676420947575968	-1.1564084818180731e-7
-7.57781769690034	-1.221748923311029e-7
-7.571139039038372	-1.226010978422908e-7
-7.564460381176405	-1.2302473574915212e-7
-7.551103065452469	-1.238628945881518e-7
-7.524388434004598	-1.254957759072692e-7
-7.470959171108856	-1.2859694525893676e-7
-7.464280513246888	-1.2897088355639423e-7
-7.457601855384921	-1.2934127284499708e-7
-7.444244539660985	-1.3006993643882917e-7
-7.417529908213114	-1.3147007053254527e-7
-7.364100645317371	-1.3403730117564542e-7
-7.357421987455403	-1.343382455898232e-7
-7.350743329593435	-1.3463441276650918e-7
-7.3373860138695	-1.352109678161447e-7
-7.310671382421628	-1.3629084069285145e-7
-7.30399272455966	-1.3654418688693187e-7
-7.297314066697693	-1.3679081426774885e-7
-7.283956750973757	-1.3726448511331031e-7
-7.257242119525886	-1.3813812858923236e-7
-7.250563461663918	-1.3834150867290777e-7
-7.243884803801951	-1.3853859150657604e-7
-7.230527488078015	-1.389125103411581e-7
-7.223848830216047	-1.3908853847516918e-7
-7.217170172354079	-1.3925673411055352e-7
-7.203812856630144	-1.3956830597513484e-7
-7.197134198768176	-1.397112572274514e-7
-7.190455540906209	-1.3984555224453416e-7
-7.18377688304424	-1.399712463158692e-7
-7.177098225182273	-1.400884722124141e-7
-7.170419567320305	-1.4019740397422506e-7
-7.163740909458337	-1.4029821555265696e-7
-7.157062251596369	-1.40391038542945e-7
-7.150383593734402	-1.404759261179958e-7
-7.143826736253703	-1.405514964844209e-7
-7.1372698787730045	-1.4061921223311935e-7
-7.130713021292306	-1.4067881319563104e-7
-7.124156163811607	-1.4072995391028673e-7
-7.117599306330908	-1.4077223287628656e-7
-7.11104244885021	-1.4080522900431966e-7
-7.104485591369511	-1.408285415187006e-7
-7.097928733888812	-1.4084182565926606e-7
-7.091371876408114	-1.4084482200855562e-7
-7.084815018927415	-1.4083737328706575e-7
-7.078258161446716	-1.4081942803853423e-7
-7.071701303966018	-1.4079102895851736e-7
-7.065144446485319	-1.407522896949842e-7
-7.05858758900462	-1.407033598721443e-7
-7.052030731523921	-1.4064438707972883e-7
-7.045473874043222	-1.4057547794509126e-7
-7.038917016562523	-1.4049666414566462e-7
-7.032360159081824	-1.4040787908384256e-7
-7.025803301601125	-1.4030894689848195e-7
-7.0192464441204265	-1.401995864998832e-7
-7.012689586639728	-1.4007942939147868e-7
-7.006132729159029	-1.3994804888808519e-7
-6.993019014197632	-1.3964984770369082e-7
-6.986462156716933	-1.3948222690809704e-7
-6.9799052992362345	-1.3930184862510821e-7
-6.973348441755536	-1.3910853049076697e-7
-6.966791584274837	-1.3890219678578948e-7
-6.9602347267941385	-1.3868286832639668e-7
-6.95367786931344	-1.3845063811634539e-7
-6.940564154352042	-1.37947994545049e-7
-6.934007296871344	-1.3767779950515013e-7
-6.927450439390645	-1.3739506519972692e-7
-6.914336724429248	-1.3679152297896898e-7
-6.907779866948549	-1.3647021337157613e-7
-6.90122300946785	-1.3613538242014537e-7
-6.888109294506452	-1.3542331774951764e-7
-6.8815524370257535	-1.350451494862119e-7
-6.874995579545054	-1.34651669365059e-7
-6.861881864583657	-1.3381761477268637e-7
-6.835654434660862	-1.3195871826344433e-7
-6.829097577180163	-1.3145459165381929e-7
-6.8225407196994645	-1.3093487779773825e-7
-6.809427004738067	-1.2984855798955203e-7
-6.7831995748152725	-1.274815399126476e-7
-6.776642717334574	-1.2684684390688004e-7
-6.770085859853875	-1.2619398772543804e-7
-6.756972144892478	-1.2483214443690868e-7
-6.730744714969682	-1.2187789779423593e-7
-6.724628535408257	-1.2114461997778493e-7
-6.718512355846833	-1.203946939489029e-7
-6.706279996723984	-1.1884501220540532e-7
-6.681815278478284	-1.1554321664828011e-7
-6.675699098916859	-1.1467400465228067e-7
-6.669582919355435	-1.1378648857244666e-7
-6.657350560232586	-1.1195480774904565e-7
-6.632885841986887	-1.08055275675604e-7
-6.626769662425462	-1.0703006410295833e-7
-6.6206534828640375	-1.0598463826754032e-7
-6.608421123741188	-1.0383333261991881e-7
-6.583956405495489	-9.928908502597781e-8
-6.535026969004091	-8.918037806057705e-8
-6.528910789442667	-8.78134540623138e-8
-6.522794609881242	-8.642255779783316e-8
-6.510562250758392	-8.356853649631613e-8
-6.4860975325126935	-7.757172632971016e-8
-6.479981352951269	-7.601229975030648e-8
-6.473865173389845	-7.442854058634443e-8
-6.461632814266995	-7.118686026655156e-8
-6.437168096021296	-6.439482676202837e-8
-6.431051916459871	-6.262969833085953e-8
-6.424935736898446	-6.083685523518366e-8
-6.412703377775596	-5.716685795776515e-8
-6.388238659529898	-4.94859525601056e-8
-6.3393092230385	-3.274459228243265e-8
-6.332677088782334	-3.032823595408053e-8
-6.326044954526168	-2.7874843338171647e-8
-6.312780686013837	-2.285450830061958e-8
-6.286252148989174	-1.2348388953292017e-8
-6.233195074939848	1.0558778158992026e-8
-6.226562940683682	1.3605082206820645e-8
-6.2199308064275165	1.6694005754375532e-8
-6.2066665379151855	2.3002524511886446e-8
-6.180138000890523	3.615716456231363e-8
-6.127080926841197	6.466569438690756e-8
-6.120448792585031	6.844025777965473e-8
-6.113816658328865	7.226359230927057e-8
-6.100552389816534	8.005964576500683e-8
-6.074023852791871	9.626757246764851e-8
-6.020966778742546	1.3121538660785734e-7
-6.01433464448638	1.358258647646618e-7
-6.007702510230214	1.4049185524320218e-7
-5.994438241717883	1.499935671335842e-7
-5.96790970469322	1.6969699408305935e-7
-5.914852630643895	2.1199522338088105e-7
-5.908661174307003	2.1718674487059952e-7
-5.902469717970112	2.224329910252218e-7
-5.8900868052963276	2.3309221379441691e-7
-5.865320979948761	2.5509652659553086e-7
-5.815789329253628	3.019504128034632e-7
-5.809597872916736	3.080782258282379e-7
-5.803406416579844	3.1426709240804304e-7
-5.791023503906061	3.2682996954636057e-7
-5.766257678558494	3.527145145416216e-7
-5.716726027863361	4.076531523711756e-7
-5.71053457152647	4.148242518267446e-7
-5.704343115189578	4.220634538627463e-7
-5.691960202515794	4.367473855054066e-7
-5.667194377168228	4.669515313608305e-7
-5.617662726473094	5.308526299973096e-7
-5.518599425082828	6.733520425234406e-7
-5.512529769127205	6.827533789374729e-7
-5.506460113171583	6.922348798204758e-7
-5.494320801260337	7.114389157306111e-7
-5.470042177437847	7.508154868003658e-7
-5.421484929792865	8.335370954553473e-7
-5.415415273837242	8.442614034169862e-7
-5.40934561788162	8.55072859559658e-7
-5.397206305970375	8.769582981146048e-7
-5.372927682147884	9.217832422515199e-7
-5.324370434502903	1.0157024688288638e-6
-5.318300778547281	1.0278523928793293e-6
-5.312231122591657	1.0400955332173203e-6
-5.300091810680412	1.0648633743731122e-6
-5.275813186857921	1.1155329614574937e-6
-5.22725593921294	1.2214360048770702e-6
-5.1301414439229776	1.4521525603108337e-6
-5.123555833272613	1.4687308866631578e-6
-5.11697022262225	1.4854291533962653e-6
-5.103799001321523	1.5191881678958173e-6
-5.077456558720069	1.5881736339418234e-6
-5.02477167351716	1.7320593700085352e-6
-4.919401903111341	2.043634435031164e-6
-4.9128162924609775	2.064166946941155e-6
-4.906230681810614	2.084822710949561e-6
-4.893059460509886	2.1265043030455847e-6
-4.866717017908432	2.2113536836739447e-6
-4.814032132705523	2.3869814768555722e-6
-4.708662362299705	2.76107159954433e-6
-4.702517429568616	2.7837932086182242e-6
-4.696372496837526	2.8066096066175453e-6
-4.684082631375347	2.8525235078855323e-6
-4.659502900450988	2.9454579979692717e-6
-4.610343438602271	3.1356162931177145e-6
-4.512024514904837	3.531032562161169e-6
-4.31538666750997	4.3592333375734555e-6
-4.30872578008414	4.387510351295957e-6
-4.30206489265831	4.4157654837447685e-6
-4.288743117806648	4.472193148154311e-6
-4.262099568103325	4.584585514966097e-6
-4.2088124686966815	4.806378557691753e-6
-4.202151581270851	4.833724318451882e-6
-4.19549069384502	4.860969020527533e-6
-4.182168918993359	4.9151326121865614e-6
-4.155525369290037	5.021981964029016e-6
-4.102238269883392	5.228240542278731e-6
-4.095577382457561	5.253190781856932e-6
-4.0889164950317305	5.277932901941174e-6
-4.075594720180069	5.326762822061319e-6
-4.048951170476747	5.421577732293675e-6
-4.042290283050917	5.444637870266438e-6
-4.035629395625087	5.467422280572808e-6
-4.022307620773425	5.512126690619852e-6
-3.9956640710701024	5.5978184613936915e-6
-3.9890031836442716	5.618413062828936e-6
-3.982342296218441	5.638657525026481e-6
-3.96902052136678	5.678056710146408e-6
-3.9423769716634576	5.752201623044034e-6
-3.935716084237627	5.769702878646215e-6
-3.9290551968117966	5.786766513700414e-6
-3.9157334219601356	5.819532323274876e-6
-3.8890898722568132	5.879275984524001e-6
-3.882550785212252	5.8926896479917805e-6
-3.87601169816769	5.905587266188863e-6
-3.862933524078567	5.929785994827821e-6
-3.8563944370340053	5.9410621505808815e-6
-3.849855349989444	5.9517722542402896e-6
-3.8367771759003206	5.971440209081441e-6
-3.8302380888557592	5.980370080224326e-6
-3.823699001811198	5.988678027668039e-6
-3.817159914766636	5.996349353718346e-6
-3.8106208277220746	6.003369196666162e-6
-3.804081740677513	6.00972258945915e-6
-3.7975426536329513	6.01539450748121e-6
-3.79100356658839	6.020369890703814e-6
-3.7844644795438285	6.024633641426094e-6
-3.7779253924992666	6.028170597058985e-6
-3.771386305454705	6.030965478641664e-6
-3.764847218410144	6.033002824528712e-6
-3.758308131365582	6.034266915691186e-6
-3.7517690443210205	6.034741703484468e-6
-3.745229957276459	6.034410747695652e-6
-3.7386908702318973	6.033257175050259e-6
-3.732151783187336	6.031263661023661e-6
-3.7256126961427745	6.0284124386960326e-6
-3.7190736090982126	6.024685332262611e-6
-3.712534522053651	6.020063811291998e-6
-3.70599543500909	6.014529056547202e-6
-3.699456347964528	6.008062029807561e-6
-3.6929172609199665	6.0006435368114425e-6
-3.686378173875405	5.992254275110969e-6
-3.6798390868308433	5.98287485818489e-6
-3.673299999786282	5.972485815857408e-6
-3.6667609127417204	5.961067565265522e-6
-3.6602218256971586	5.948600360040739e-6
-3.653682738652597	5.9350642219084884e-6
-3.6471436516080358	5.920438863406957e-6
-3.640604564563474	5.904703613114973e-6
-3.627526390474351	5.869818460707554e-6
-3.6209873034297893	5.850624814529928e-6
-3.614448216385228	5.830233774872795e-6
-3.6013700422961046	5.7857666464385116e-6
-3.594830955251543	5.7616431385562605e-6
-3.5882918682069818	5.736227536788999e-6
-3.5752136941178585	5.681422338563863e-6
-3.568674607073297	5.651983492593535e-6
-3.5621355200287352	5.621154081083754e-6
-3.5490573459396124	5.555223322812469e-6
-3.5425182588950506	5.520071235480366e-6
-3.535979171850489	5.483426952156543e-6
-3.522900997761366	5.405555943666096e-6
-3.5163619107168045	5.364274951864118e-6
-3.509822823672243	5.321393159063437e-6
-3.49674464958312	5.230712271359246e-6
-3.4705883014048737	5.02884946448727e-6
-3.464489892279586	4.977693335045386e-6
-3.4583914831542986	4.924937414167024e-6
-3.4461946649037234	4.814524339053633e-6
-3.4218010284025735	4.573368285061205e-6
-3.415702619277286	4.508689307198416e-6
-3.4096042101519988	4.442199746244185e-6
-3.3974073919014236	4.303675815527878e-6
-3.3730137554002733	4.003629636582605e-6
-3.3669153462749857	3.9236510189729455e-6
-3.360816937149698	3.841623895271339e-6
-3.348620118899123	3.671298668879438e-6
-3.324226482397973	3.304673669440864e-6
-3.3181280732726854	3.207417488759999e-6
-3.3120296641473983	3.1078553234846085e-6
-3.299832845896823	2.9016773836653252e-6
-3.275439209395673	2.460126424175233e-6
-3.269340800270385	2.343445450839607e-6
-3.2632423911450976	2.2241727565272413e-6
-3.2510455728945225	1.977699853641263e-6
-3.2266519363933726	1.4519592246308203e-6
-3.220553527268085	1.3134624314475104e-6
-3.214455118142798	1.1720611028227205e-6
-3.2022582998922227	8.803819426359684e-7
-3.1778646633910723	2.603475781626501e-7
-3.1717662542657847	9.7447229508292e-8
-3.165667845140497	-6.869844109650292e-8
-3.153471026889922	-4.109079223504246e-7
-3.1290773903887716	-1.1363029942326741e-6
-3.0802901173864714	-2.7617617573980416e-6
-3.0736757535664427	-3.0011291684894697e-6
-3.0670613897464145	-3.2452382536417643e-6
-3.053832662106357	-3.747956346185203e-6
-3.0273752068262434	-4.8133692000895505e-6
-3.0207608430062147	-5.0926388386988986e-6
-3.014146479186186	-5.377222171231268e-6
-3.000917751546129	-5.96262885050854e-6
-2.974460296266015	-7.200531304836673e-6
-2.9678459324459867	-7.524436678004159e-6
-2.961231568625958	-7.85427307284706e-6
-2.948002840985901	-8.532065905657998e-6
-2.921545385705787	-9.962481301158783e-6
-2.868630475145559	-0.000013142159947713227
-2.8620161113255307	-0.000013571265954983638
-2.855401747505502	-0.000014007713908201669
-2.842173019865445	-0.000014903019790731583
-2.815715564585331	-0.000016786026798920042
-2.8091012007653022	-0.000017276614412556953
-2.802486836945274	-0.000017775341377281083
-2.7892581093052167	-0.000018797629617857067
-2.762800654025103	-0.00002094449657804188
-2.7561862902050747	-0.000021503148131396883
-2.749571926385046	-0.000022070791335405092
-2.736343198744989	-0.00002323349697114707
-2.709885743464875	-0.000025671763025653517
-2.656970832904647	-0.00003102602034153203
-2.6507971470038925	-0.00003169437109937917
-2.644623461103138	-0.00003237219758175274
-2.632276089301629	-0.00003375668647843824
-2.6075813456986108	-0.00003664391681972674
-2.558191858492575	-0.00004291531569639364
-2.5520181725918203	-0.00004374795474352753
-2.545844486691066	-0.00004459178756570805
-2.533497114889557	-0.00004631348165341258
-2.5088023712865395	-0.000049896145857450044
-2.4594128840805034	-0.00005764439825713466
-2.453239198179749	-0.000058669861283820214
-2.4470655122789946	-0.000059708368541893514
-2.4347181404774854	-0.00006182498772251341
-2.4100233968744673	-0.00006621995360287349
-2.3606339096684317	-0.00007568342196032432
-2.354460223767677	-0.00007693182577989989
-2.3482865378669224	-0.00007819517449640656
-2.3359391660654136	-0.00008076717607752276
-2.311244422462396	-0.00008609564579150145
-2.26185493525636	-0.00009751593286338837
-2.2551652946608645	-0.00009914342592862429
-2.248475654065369	-0.00010079059152993952
-2.235096372874378	-0.00010414446997680099
-2.208337810492396	-0.00011109398822800598
-2.1548206857284327	-0.00012598642145730116
-2.1481310451329376	-0.00012794319207482495
-2.141441404537442	-0.00012992143992367894
-2.128062123346451	-0.00013394269949868615
-2.1013035609644692	-0.00014224631578315002
-2.0477864362005054	-0.00015990950958901038
-2.04109679560501	-0.00016221696093490952
-2.0344071550095144	-0.00016454654933597138
-2.0210278738185234	-0.00016927205761063627
-1.9942693114365417	-0.0001789873099004686
-1.940752186672578	-0.00019945707327386882
-1.8337179371446506	-0.0002442351205226416
-1.8271500969304242	-0.00024712876029430147
-1.8205822567161976	-0.0002500367933565544
-1.8074465762877447	-0.00025589394970963893
-1.7811752154308391	-0.00026775648698342674
-1.7286324937170274	-0.0002919200808849581
-1.722064653502801	-0.00029496577289692155
-1.7154968132885746	-0.0002980139355078005
-1.7023611328601218	-0.000304113420215615
-1.676089772003216	-0.00031629272882063907
-1.6235470502894045	-0.00034027191310824457
-1.616979210075178	-0.0003432034710825646
-1.6104113698609517	-0.00034611450618187025
-1.5972756894324989	-0.000351867122388274
-1.571004328575593	-0.00036303511070204415
-1.5644364883613666	-0.0003657435306048994
-1.55786864814714	-0.0003684136123316016
-1.5447329677186872	-0.00037362821907289853
-1.5184616068617816	-0.00038347592241276193
-1.5118937666475551	-0.00038579897425002757
-1.5053259264333287	-0.0003880599606481648
-1.492190246004876	-0.0003923817708694193
-1.4856224057906495	-0.0003944353017311334
-1.4790545655764231	-0.0003964121727308735
-1.46591888514797	-0.00040011989237690934
-1.4593510449337437	-0.0004018423651775786
-1.452783204719517	-0.000403471416817092
-1.4462153645052906	-0.00040500248310431676
-1.4396475242910642	-0.00040643084031646197
-1.4330796840768378	-0.00040775160000298266
-1.4265118438626114	-0.0004089597036486224
-1.419944003648385	-0.0004100499171655024
-1.4133761634341586	-0.00041101682518826163
-1.4072490011392063	-0.00041180274869915667
-1.401121838844254	-0.0004124717837247519
-1.3949946765493015	-0.0004130190787944542
-1.388867514254349	-0.00041343962661572267
-1.3827403519593964	-0.000413728259111748
-1.376613189664444	-0.0004138796422592724
-1.3704860273694917	-0.00041388827073144784
-1.3643588650745393	-0.0004137484623527194
-1.358231702779587	-0.00041345435237223355
-1.3521045404846346	-0.00041299988756652445
-1.3459773781896822	-0.0004123788201748531
-1.3398502158947296	-0.0004115847016691841
-1.333723053599777	-0.0004106108763569337
-1.3275958913048247	-0.00040945047480660246
-1.3214687290098723	-0.0004080964070830428
-1.31534156671492	-0.00040654135577323277
-1.3092144044199676	-0.0004047777687796964
-1.3030872421250153	-0.00040279785185719143
-1.296960079830063	-0.0004005935608674283
-1.2908329175351103	-0.0003981565937289204
-1.2847057552401577	-0.0003954783820397552
-1.2785785929452054	-0.0003925500823592047
-1.2663242683553007	-0.000385906415270068
-1.2601971060603483	-0.00038217190232600054
-1.254069943765396	-0.00037814899036440683
-1.2479427814704436	-0.0003738273174257005
-1.241815619175491	-0.0003691961866485599
-1.2356884568805384	-0.00036424455502708647
-1.229561294585586	-0.00035896102179994865
-1.2173069699956813	-0.0003473507863673217
-1.211179807700729	-0.0003409993839420672
-1.2050526454057766	-0.00033426665340447674
-1.1927983208158717	-0.0003196032608922038
-1.186671158520919	-0.0003116445200163927
-1.1805439962259667	-0.00030324826297275863
-1.168289671636062	-0.00028508184531053166
-1.1621625093411097	-0.00027527974161169525
-1.1560353470461573	-0.00026497620002845245
-1.1437810224562523	-0.00024279495646692558
-1.1376538601612998	-0.0002308808774646542
-1.1315266978663474	-0.00021839256495282089
-1.1192723732764427	-0.0001916136312532894
-1.1131452109814903	-0.00017728153304922818
-1.107018048686538	-0.000162292198997343
-1.094763724096633	-0.00013025097604034007
-1.0886365618016804	-0.00011315173538704968
-1.082509399506728	-0.00009530049888303297
-1.0702550749168234	-0.000057238227439157903
-1.064127912621871	-0.00003697305910676259
-1.0580007503269186	-0.00001584756122834297
-1.0457464257370137	0.000029103232311790473
-1.021237776557204	0.00013069490906950296
-1.0145946595675106	0.00016113851023191527
-1.0079515425778172	0.00019291037739844487
-0.9946653085984305	0.00026063942429674965
-0.988022191608737	0.00029670174886867423
-0.9813790746190437	0.00033430279941902975
-0.968092840639657	0.00041435476073799584
-0.9614497236499635	0.0004569283135368653
-0.9548066066602702	0.0005012860839768893
-0.9415203726808834	0.0005956273890919388
-0.9149479047221099	0.0008088841326702265
-0.9083047877324164	0.0008677854050641066
-0.9016616707427231	0.0009290951817569684
-0.8883754367633363	0.0010593169248897978
-0.8817323197736429	0.0011284271819707523
-0.8750892027839495	0.0012003429015994584
-0.8618029688045628	0.001353035270903566
-0.8551598518148693	0.0014340461550788487
-0.848516734825176	0.001518331420911281
-0.8352305008457892	0.0016972511708521262
-0.8086580328870157	0.0021005002654756917
-0.8020149158973222	0.0022116833346916415
-0.7953717989076289	0.0023273544736264647
-0.7820855649282421	0.0025729005031429747
-0.7754424479385487	0.0027031653914114037
-0.7687993309488553	0.0028386990526048095
-0.7555130969694686	0.0031264496384376256
-0.7488699799797751	0.003279129250033236
-0.7422268629900818	0.0034380040632158576
-0.728940629010695	0.0037753836683604713
-0.7023681610519215	0.004536708622655566
-0.695725044062228	0.004746933518349816
-0.6890819270725347	0.004965830915115349
-0.6757956930931479	0.00543127883796226
-0.6691525761034545	0.005678732499422155
-0.6625094591137611	0.005936678205663515
-0.6492232251343744	0.0064863885447590235
-0.6425801081446809	0.006779500192292335
-0.6359369911549876	0.007085826960101495
-0.6226507571756008	0.007741938465459663
-0.6160076401859074	0.008093992724766456
-0.6093645231962139	0.008463856848209977
-0.5960782892168272	0.009263800795768438
-0.5898758501464079	0.009668396628136303
-0.5836734110759885	0.010095575355127529
-0.5774709720055691	0.010547713064290492
-0.5712685329351497	0.011027532310168143
-0.5650660938647303	0.011538144145714605
-0.5588636547943109	0.012083091822850936
-0.5464587766534722	0.01329259589133412
-0.5402563375830529	0.013966798594775776
-0.5340538985126335	0.014694712403848443
-0.5278514594422141	0.015482684770061296
-0.5216490203717947	0.01633772911508471
-0.5154465813013753	0.0172675424263656
-0.5092441422309559	0.01828051007455173
-0.5030417031605365	0.01938569461784386
-0.49683926409011725	0.02059280506833206
-0.49063682501969785	0.021912142849702658
-0.4844343859492785	0.023354520492583953
-0.47823194687885917	0.02493114901298964
-0.4720295078084398	0.026653489921872345
-0.4658270687380204	0.028533067941535838
-0.45962462966760104	0.03058124077946657
-0.4472197515267623	0.03522625969091446
-0.4410173124563429	0.037842253366769656
-0.43481487338592356	0.04066433478571013
-0.4286124343155042	0.04369788690634823
-0.4224099952450848	0.04694571889945348
-0.4162075561746654	0.05040749576263807
-0.4100051171042461	0.054079129043547225
-0.39760023896340735	0.06201298106710844
-0.39139779989298795	0.06624240086231661
-0.3851953608225686	0.07061474634681482
-0.3727904826817299	0.07964988325632764
-0.3665880436113105	0.08422391852876049
-0.36038560454089114	0.08876239218642695
-0.3479807264000524	0.09745959910120272
-0.341778287329633	0.10145897294025365
-0.33557584825921366	0.1051042001194888
-0.3293734091887943	0.10829342651595628
-0.3231709701183749	0.11091679770102515
-0.3169685310479555	0.11285732581243246
-0.3107660919775362	0.11399202673221867
-0.30456365290711684	0.1141933377775526
-0.29836121383669745	0.11333082023003324
-0.29215877476627805	0.11127314426176392
-0.2859563356958587	0.10789034625759684
-0.27975389662543937	0.10305634031458884
-0.27355145755502	0.09665165699184508
-0.2673490184846006	0.08856637339287875
-0.26114657941418123	0.07870318962808223
-0.2549441403437619	0.06698059789536726
-0.2487417012733425	0.05333608212358726
-0.24253926220292313	0.037729278651975576
-0.23633682313250376	0.02014502208132919
-0.2301343840620844	0.0005961955363814435
-0.22393194499166502	-0.020873698584510776
-0.21772950592124565	-0.04418833246209407
-0.21152706685082628	-0.06923679534405168
-0.19912218870998755	-0.12391188447634738
-0.1930415500208372	-0.15255208438532
-0.18696091133168685	-0.18209062444180396
-0.17479963395338616	-0.24274675037286866
-0.1687189952642358	-0.27323556114197245
-0.16263835657508546	-0.3033714637414284
-0.15047707919678477	-0.3610912383800901
-0.14439644050763442	-0.38789849529606896
-0.13831580181848407	-0.4128108823851934
-0.13223516312933373	-0.43543625584809253
-0.12615452444018338	-0.45539245615197
-0.12007388575103303	-0.47231405005162064
-0.1139932470618827	-0.4858591089115447
-0.10791260837273237	-0.49571588321851034
-0.10183196968358202	-0.5016092288442986
-0.09575133099443167	-0.5033066397719981
-0.08967069230528132	-0.500623744816273
-0.08359005361613098	-0.4934291324267255
-0.07750941492698063	-0.48164837793310566
-0.07142877623783028	-0.4652671614289202
-0.06534813754867994	-0.44433338164108716
-0.05926749885952959	-0.4189581912358742
-0.05318686017037925	-0.3893159016030432
-0.0471062214812289	-0.35564272969199506
-0.04102558279207855	-0.31823438532303827
-0.028864305413777862	-0.23367011576387306
-0.02278366672462752	-0.18736580941988415
-0.01670302803547717	-0.13901738924700122
-0.004541750657176477	-0.03829043795144989
0.0015388880319738693	0.012985807450399768
0.007619526721124216	0.06411880155105514
0.01978080409942491	0.1637132195796366
0.025861442788575252	0.21109011450523563
0.0319420814777256	0.25617154647807094
0.038022720166875947	0.29848867069696056
0.044103358856026294	0.33761519563509884
0.050183997545176634	0.37317348105067144
0.05626463623432698	0.4048396766927671
0.06234527492347733	0.4323478126061578
0.06842591361262768	0.45549277690467066
0.07450655230177802	0.47413214299949435
0.08058719099092837	0.48818683481383607
0.08666782968007872	0.4976406447683278
0.09274846836922906	0.5025386445856034
0.09882910705837941	0.502984552586063
0.10490974574752976	0.4991371425419341
0.1109903844366801	0.4912057978172625
0.11707102312583045	0.47944533003408624
0.1231516618149808	0.46415019356167325
0.12923230050413115	0.445648235527782
0.1353129391932815	0.42429412571261726
0.14139357788243184	0.4004626116325541
0.1474742165715822	0.3745417414826971
0.15355485526073254	0.346926191613145
0.16571613263903323	0.2881846049038844
0.1900386873956346	0.1670433087399986
0.1966352807795259	0.13550068774750276
0.2032318741634172	0.10518638309495902
0.20982846754730852	0.07638046995842898
0.21642506093119984	0.0493167100073127
0.22302165431509116	0.024182193312140977
0.22961824769898248	0.0011179727891596491
0.2362148410828738	-0.01977940663635374
0.24281143446676512	-0.03845559678776794
0.24940802785065644	-0.05489547593710983
0.25600462123454776	-0.06911964846866643
0.2626012146184391	-0.08118054534505055
0.2691978080023304	-0.09115825417064403
0.2757944013862217	-0.09915620216163065
0.28239099477011304	-0.10529680689945325
0.2889875881540044	-0.10971719891096952
0.2955841815378957	-0.11256510745559742
0.30218077492178697	-0.11399498698235169
0.3087773683056783	-0.11416444710546826
0.31537396168956966	-0.11323103415834651
0.32197055507346095	-0.11134939789364223
0.32856714845735224	-0.10866886311270031
0.3351637418412436	-0.10533141327098464
0.34176033522513494	-0.10147008168495014
0.34835692860902623	-0.09720773605248596
0.3549535219929175	-0.0926562337135024
0.36155011537680887	-0.08791591847105484
0.3747433021445915	-0.07821175239029905
0.3813398955284828	-0.07339057055646642
0.38793648891237414	-0.06866671472504643
0.4011296756801568	-0.05968015337027882
0.4077262690640481	-0.05547931610041611
0.4143228624479394	-0.0515012733239088
0.42091945583183077	-0.04775819397825168
0.42751604921572206	-0.04425636993644901
0.43411264259961335	-0.04099709615427607
0.4407092359835047	-0.03797750923693595
0.45390242275128734	-0.03262979193595201
0.46049901613517863	-0.030281875769753684
0.46709560951907	-0.028135302973024922
0.4736922029029613	-0.026176831258522708
0.4802887962868526	-0.02439272698448676
0.4868853896707439	-0.02276912614974157
0.49348198305463525	-0.021292329793303783
0.5000785764385266	-0.019949038956589282
0.5066751698224179	-0.01872653499803754
0.5132717632063092	-0.017612811402009047
0.5198683565902005	-0.016596663336022815
0.5264649499740919	-0.015667741123349007
0.5330615433579832	-0.014816573551408689
0.5396581367418745	-0.01403456656798305
0.5462547301257659	-0.013313982461600366
0.5594479168935484	-0.012030188341721442
0.5660445102774397	-0.011455411898980253
0.572641103661331	-0.010918812969833533
0.5858342904291137	-0.009944044843918611
0.592430883813005	-0.009499116549893806
0.5990274771968964	-0.009078732344419568
0.612220663964679	-0.00830255600426752
0.6183765794292964	-0.007966484217190335
0.6245324948939136	-0.007645252600772594
0.6368443258231482	-0.007043176441441561
0.6430002412877656	-0.006760580365062031
0.6491561567523828	-0.006489284498767467
0.6614679876816174	-0.005978105189920235
0.6676239031462348	-0.005737140231726029
0.673779818610852	-0.005505292328208254
0.6860916495400866	-0.005067299838192277
0.7107153113985558	-0.004284280208250498
0.7168712268631732	-0.004106106904675479
0.7230271423277904	-0.003934423738006287
0.735338973257025	-0.0036095505919266357
0.7414948887216424	-0.0034558996518283397
0.7476508041862596	-0.0033078150677136736
0.7599626351154942	-0.003027526462430666
0.7661185505801116	-0.0028949336278464646
0.7722744660447288	-0.0027671286452809613
0.7845862969739634	-0.0025251857151399604
0.8092099588324325	-0.002091459312638662
0.8153658742970498	-0.0019926094053321804
0.8215217897616671	-0.0018973172282311648
0.8338336206909016	-0.001716898184041977
0.839989536155519	-0.001631529598976193
0.8461454516201362	-0.0015492349244252092
0.8584572825493708	-0.0013934335672312146
0.8646131980139882	-0.0013197203967738672
0.8707691134786054	-0.0012486678227334423
0.88308094440784	-0.0011141735793716284
0.9077046062663092	-0.0008732241856404862
0.9138605217309266	-0.0008183643654330816
0.9200164371955438	-0.0007655082328829471
0.9323282681247784	-0.0006655339471756186
0.9384841835893958	-0.0006182854920529458
0.944640099054013	-0.0005727799152817495
0.9569519299832476	-0.0004867620815433029
0.963107845447865	-0.00044613744322698754
0.9692637609124822	-0.00040703075016842473
0.9815755918417168	-0.00033316785607073306
1.006199253700186	-0.00020151859585650322
1.0128711238595445	-0.00016925204872402652
1.0195429940189027	-0.00013833810312266877
1.0328867343376191	-0.00008037422583563841
1.0395586044969773	-0.000053231866856158976
1.0462304746563356	-0.000027257109051664397
1.059574214975052	0.000021356335707429327
1.0662460851344102	0.00004407460466805355
1.0729179552937684	0.0000657845574036329
1.086261695612485	0.0001063233024331397
1.0929335657718435	0.00012522077136495216
1.0996054359312017	0.00014324737750419738
1.1129491762499182	0.000176812254226756
1.1196210464092764	0.00019240990377604022
1.1262929165686346	0.00020725553195750495
1.1396366568873513	0.00023479827563813773
1.1463085270467097	0.00024754681315664794
1.152980397206068	0.000259646243953527
1.1663241375247844	0.00028199102009892626
1.1729960076841426	0.00029228096288891385
1.1796678778435008	0.0003020110537266511
1.186339748002859	0.00031120170397467195
1.1930116181622175	0.0003198726196314025
1.199683488321576	0.00032804282704134314
1.2063553584809341	0.0003357306974930978
1.2196990987996505	0.000349729777666577
1.2263709689590088	0.0003560746616913246
1.233042839118367	0.00036200459977416694
1.2397147092777252	0.0003675350222955287
1.2463865794370836	0.0003726808323454289
1.253058449596442	0.0003774564243119796
1.2597303197558003	0.00038187570182754513
1.2730740600745167	0.00038969857762731486
1.279745930233875	0.0003931276823389354
1.2864178003932332	0.0003962515170982256
1.2930896705525914	0.0003990817796279385
1.2997615407119498	0.0004016297718185918
1.3064334108713083	0.0004039064134416879
1.3131052810306665	0.00040592225527906825
1.3197771511900247	0.00040768749169361736
1.326449021349383	0.00040921197267489075
1.3331208915087411	0.0004105052154001927
1.3397927616680994	0.0004115764153556842
1.3464646318274576	0.00041243445706350655
1.353136501986816	0.00041308792445534336
1.3598083721461744	0.0004135451109275063
1.3664802423055327	0.0004138140291033909
1.3731521124648909	0.00041390242031584523
1.379823982624249	0.00041381776381553363
1.3864958527836073	0.0004135672856973339
1.3931677229429655	0.00041315796753487594
1.3998395931023238	0.00041259655470704364
1.4065114632616822	0.0004118895644035208
1.4131833334210406	0.00041104329329918945
1.4198552035803989	0.00041006382489651265
1.426527073739757	0.0004089570365407597
1.4331989438991153	0.00040772860612818887
1.4397490136772046	0.00040640957433923843
1.4462990834552938	0.0004049836029641528
1.4593992230114723	0.00040183006470682035
1.4659492927895617	0.0004001117073607358
1.4724993625676508	0.0003983048396300117
1.4855995021238293	0.00039444233103493997
1.4921495719019187	0.00039239471620147563
1.4986996416800078	0.0003902746522960153
1.5117997812361863	0.00038583177466637586
1.5380000603485433	0.00037623042108962863
1.5445501301266327	0.0003736995428645313
1.5511001999047218	0.0003711223751765542
1.5642003394609003	0.0003658402140966051
1.5904006185732573	0.00035483661892006
1.6428011767979713	0.0003315770798390451
1.6493512465760607	0.00032859056770580264
1.6559013163541498	0.0003255922352391094
1.6690014559103283	0.00031956626583778914
1.6952017350226853	0.00030743705261017346
1.7476022932473994	0.0002831461923378076
1.8524034096968272	0.0002360856936884834
1.8585128015556425	0.00023344904212768854
1.8646221934144576	0.00023082669252855366
1.8768409771320882	0.00022562612197151919
1.901278544567349	0.00021540922016111033
1.9501536794378707	0.0001957626519234513
1.9562630712966858	0.0001933840998152051
1.962372463155501	0.000191023181425329
1.9745912468731315	0.00018635468401226367
1.9990288143083925	0.00017723362680600787
2.0479039491789144	0.00015986917386609986
2.05401334103773	0.00015778157043882553
2.060122732896545	0.0001557124389158366
2.072341516614175	0.00015162956843003256
2.0967790840494365	0.00014368496248617912
2.145654218919958	0.0001286731259821667
2.151763610778773	0.00012687797984590153
2.1578730026375883	0.0001251007070313566
2.170091786355219	0.0001215995017031235
2.1945293537904798	0.00011480834890350952
2.243404488661002	0.000102052436486786
2.2500298352145585	0.0001004061498912274
2.2566551817681146	0.00009877925982973348
2.269905874875227	0.00009558314873873091
2.2964072610894517	0.00008941786222096265
2.349410033517901	0.00007796415091145328
2.3560353800714573	0.0000766118922019901
2.3626607266250135	0.00007527681043248934
2.375911419732126	0.00007265759238249826
2.4024128059463505	0.0000676188138977647
2.4554155783748	0.00005830687705803139
2.462040924928356	0.00005721180407098313
2.4686662714819123	0.000056131560058889085
2.4819169645890247	0.00005401497604179059
2.5084183508032494	0.00004995335425573948
2.5614211232316992	0.00004248420949325106
2.568046469785256	0.00004160915223807779
2.574671816338812	0.000040746655017583934
2.5879225094459244	0.00003905879637453968
2.614423895660149	0.000035827841644666715
2.6674266680885985	0.000029915422665620315
2.673611336722881	0.000029270957906105317
2.679796005357163	0.000028635630501562797
2.692165342625727	0.000027391990230267124
2.716904017162856	0.00002501001350268205
2.723088685797138	0.000024435890302129497
2.7292733544314203	0.0000238701236430351
2.741642691699985	0.000022763282695096358
2.7663813662371135	0.000020645780943475377
2.772566034871396	0.000020135914302257724
2.7787507035056778	0.000019633673300003228
2.791120040774242	0.000018651718232955486
2.815858715311371	0.000016775498518040556
2.8653360643856285	0.00001335497263971582
2.871520733019911	0.000012956935709151332
2.8777054016541928	0.00001256519927589296
2.890074738922757	0.000011800324384965221
2.914813413459886	0.000010342879588087035
2.920998082094168	9.99315377091714e-6
2.9271827507284502	9.649137354853432e-6
2.939552087997015	8.977947455932251e-6
2.9642907625341435	7.700978842676317e-6
2.970475431168426	7.394964393721759e-6
2.9766600998027077	7.094107340697552e-6
2.989029437071272	6.507604816487255e-6
3.0137681116084005	5.39366367497459e-6
3.063245460682658	3.3882521450978803e-6
3.069308328935671	3.1617769070399547e-6
3.0753711971886846	2.939323480573796e-6
3.0874969336947107	2.5062727819530513e-6
3.111748406706763	1.6861702842568393e-6
3.117811274959776	1.4904381167247984e-6
3.123874143212789	1.2983261504962047e-6
3.1359998797188156	9.247718040818198e-7
3.160251352730868	2.1902382304610788e-7
3.1663142209838813	5.0933401342763895e-8
3.1723770892368943	-1.1390932342462685e-7
3.184502825742921	-4.3402930221443617e-7
3.2087542987549735	-1.0372159454005942e-6
3.257257244779079	-2.1045585752508796e-6
3.263320113032092	-2.2257093040995437e-6
3.269382981285105	-2.3442613584886808e-6
3.2815087177911315	-2.5737183684292942e-6
3.305760190803184	-3.0030609087652597e-6
3.3118230590561972	-3.104441519647147e-6
3.3178859273092103	-3.2035084169570777e-6
3.330011663815237	-3.394833452587248e-6
3.3542631368272895	-3.751152046599897e-6
3.3603260050803025	-3.83493054103075e-6
3.3663888733333156	-3.916650889306457e-6
3.378514609839342	-4.074040052029096e-6
3.402766082851395	-4.365457041370126e-6
3.408828951104408	-4.433616135127161e-6
3.414891819357421	-4.499954306898951e-6
3.4270175558634475	-4.627278246061711e-6
3.4512690288755	-4.861263420748857e-6
3.4578478518232543	-4.920156066096082e-6
3.4644266747710084	-4.977154704835507e-6
3.4775843206665167	-5.0855974531738984e-6
3.484163143614271	-5.137104776194558e-6
3.490741966562025	-5.18684448499486e-6
3.5038996124575332	-5.281144498775135e-6
3.5104784354052874	-5.325765521205922e-6
3.5170572583530415	-5.368740219478114e-6
3.53021490424855	-5.4498662480483856e-6
3.5565301960395663	-5.5936011814266065e-6
3.5631090189873205	-5.6258328486533116e-6
3.5696878419350746	-5.656635469936805e-6
3.582845487830583	-5.714055145026112e-6
3.589424310778337	-5.740722591901851e-6
3.596003133726091	-5.766061798168076e-6
3.6091607796215994	-5.812854450550249e-6
3.6157396025693536	-5.8343567238194004e-6
3.6223184255171077	-5.854628268754528e-6
3.628897248464862	-5.873692527887456e-6
3.635476071412616	-5.891572448171387e-6
3.64205489436037	-5.9082904534414615e-6
3.6486337173081242	-5.923868441859784e-6
3.6617913632036325	-5.951689523542997e-6
3.6683701861513867	-5.96397414861843e-6
3.674949009099141	-5.975201969514649e-6
3.681527832046895	-5.985393047317801e-6
3.688106654994649	-5.994567290967291e-6
3.694685477942403	-6.002744503854143e-6
3.7012643008901573	-6.009944405901101e-6
3.7078431238379115	-6.016186627452388e-6
3.7144219467856656	-6.021490675540281e-6
3.7210007697334198	-6.025875881063683e-6
3.727579592681174	-6.029361329828315e-6
3.734158415628928	-6.031965791115576e-6
3.740737238576682	-6.033707652606558e-6
3.7473160615244363	-6.034604869857574e-6
3.7538948844721904	-6.034674939734124e-6
3.7604737074199446	-6.033934899739128e-6
3.7670525303676987	-6.032401355018013e-6
3.773631353315453	-6.030090528685861e-6
3.780210176263207	-6.027018330508581e-6
3.786788999210961	-6.02320043285344e-6
3.7933678221587153	-6.0186523464121275e-6
3.7999466451064694	-6.013389483226078e-6
3.8065254680542235	-6.0074272020052555e-6
3.8131042910019777	-6.000780826794644e-6
3.819683113949732	-5.9934656398315245e-6
3.826261936897486	-5.985496847841533e-6
3.83284075984524	-5.976889528270038e-6
3.8459984057407484	-5.957818565846627e-6
3.8525772286885025	-5.947383823748462e-6
3.8591560516362566	-5.936368243568239e-6
3.8723136975317645	-5.9126481816154305e-6
3.8784518425602448	-5.900835465807411e-6
3.8845899875887246	-5.888561435266938e-6
3.8968662776456853	-5.862668781484298e-6
3.9214188577596056	-5.805774924261698e-6
3.9275570027880855	-5.790543013094e-6
3.933695147816566	-5.7749268454563435e-6
3.945971437873526	-5.742579712927388e-6
3.9705240179874464	-5.673684729320862e-6
3.9766621630159262	-5.655637256400236e-6
3.9828003080444065	-5.637276897541097e-6
3.9950765981013667	-5.599648685633216e-6
4.019629178215287	-5.52097059752408e-6
4.068734338443128	-5.351552152955529e-6
4.074872483471609	-5.3293842673972965e-6
4.081010628500088	-5.307019199916798e-6
4.093286918557048	-5.261722644214653e-6
4.117839498670969	-5.169027309021002e-6
4.16694465889881	-4.976446578506882e-6
4.265154979354492	-4.571735553781086e-6
4.271809079077713	-4.5437127398341936e-6
4.2784631788009335	-4.515642010774506e-6
4.291771378247375	-4.459377211358563e-6
4.31838777714026	-4.346486832424331e-6
4.371620574926029	-4.1201397473430314e-6
4.4780861704975665	-3.6714267612304862e-6
4.484740270220788	-3.643770546919652e-6
4.491394369944009	-3.616174904345253e-6
4.504702569390451	-3.5611761759332325e-6
4.531318968283335	-3.452021857459019e-6
4.584551766069104	-3.23752768473241e-6
4.691017361640641	-2.8265700917966355e-6
4.6972307834445886	-2.8034170888920293e-6
4.703444205248536	-2.780360255189372e-6
4.71587104885643	-2.734538708200232e-6
4.7407247360722184	-2.6440922076460363e-6
4.790432110503795	-2.468158146732083e-6
4.889846859366948	-2.136745874293997e-6
4.896060281170895	-2.1169644646851227e-6
4.902273702974842	-2.0972930646306724e-6
4.914700546582736	-2.058279660872897e-6
4.939554233798525	-1.9815710949200804e-6
4.989261608230101	-1.8334856361012404e-6
5.088676357093254	-1.5585506337508477e-6
5.094767978515932	-1.5426170622839582e-6
5.100859599938611	-1.5267885102291764e-6
5.113042842783966	-1.495444653668063e-6
5.1374093284746785	-1.4339952455685782e-6
5.186142299856103	-1.3159762068027931e-6
5.192233921278781	-1.3016797868204043e-6
5.198325542701459	-1.2874844611676507e-6
5.210508785546815	-1.2593958060710436e-6
5.234875271237527	-1.204412153933247e-6
5.283608242618952	-1.0990994692343366e-6
5.28969986404163	-1.0863659457086315e-6
5.295791485464308	-1.0737277986881423e-6
5.307974728309664	-1.0487370115657809e-6
5.332341214000376	-9.998875586335892e-7
5.3810741853818005	-9.065856161174016e-7
5.478540128144649	-7.368854566111235e-7
5.485147704262069	-7.261641752685875e-7
5.491755280379487	-7.155387022508668e-7
5.504970432614325	-6.94574200984393e-7
5.5314007370840015	-6.537858430796101e-7
5.584261346023354	-5.766626070633635e-7
5.590868922140773	-5.674244791418689e-7
5.5974764982581915	-5.582734093918101e-7
5.610691650493029	-5.402310426262658e-7
5.637121954962706	-5.051795643868338e-7
5.689982563902058	-4.3911806092526706e-7
5.696590140019477	-4.312248916629735e-7
5.703197716136896	-4.2341016796496045e-7
5.716412868371734	-4.080142297206192e-7
5.74284317284141	-3.7814929067063463e-7
5.795703781780762	-3.2205245023130685e-7
5.901424999659467	-2.2332365846085972e-7
5.907591897857612	-2.180888556980445e-7
5.913758796055757	-2.1290844643339843e-7
5.926092592452047	-2.0270868212723253e-7
5.950760185244627	-1.8294386156881073e-7
6.000095370829786	-1.4591318250444657e-7
6.006262269027932	-1.4151253970896838e-7
6.012429167226077	-1.37160732343114e-7
6.024762963622367	-1.2860108119247884e-7
6.049430556414946	-1.1204356138065988e-7
6.098765742000106	-8.112521201734293e-8
6.1049326401982515	-7.746287422741501e-8
6.111099538396396	-7.384423743751062e-8
6.123433334792686	-6.673566779052953e-8
6.148100927585266	-5.3016857471657394e-8
6.197436113170426	-2.7497439794750556e-8
6.203603011368571	-2.448472576836551e-8
6.209769909566716	-2.1510743081947295e-8
6.222103705963006	-1.567723644668338e-8
6.246771298755586	-4.452789902432154e-9
6.296106484340746	1.6324136082809804e-8
6.302789337233632	1.8971068858203433e-8
6.3094721901265185	2.1578331893448016e-8
6.32283789591229	2.6674996603400468e-8
6.349569307483835	3.6411370476986844e-8
6.35625216037672	3.875408695862281e-8
6.362935013269606	4.106153780230118e-8
6.376300719055378	4.557250530115985e-8
6.403032130626922	5.418493786773712e-8
6.409714983519808	5.6253045538205183e-8
6.416397836412694	5.8287204982552816e-8
6.429763542198466	6.225435153126534e-8
6.45649495377001	6.979519818952479e-8
6.509957776913097	8.342500363035777e-8
6.516640629805983	8.499877460216168e-8
6.523323482698869	8.654377985192925e-8
6.536689188484641	8.954775092512297e-8
6.563420600056185	9.521949652339262e-8
6.570103452949071	9.657025311701891e-8
6.5767863058419564	9.789532818264184e-8
6.590152011627729	1.00470559117119e-7
6.616883423199273	1.0533017833142585e-7
6.623566276092158	1.0648503458111826e-7
6.630249128985044	1.0761578277747492e-7
6.643614834770816	1.0980487616352955e-7
6.67034624634236	1.1389826936442603e-7
6.677029099235247	1.1486456204538777e-7
6.6837119521281325	1.1580911620396326e-7
6.697077657913905	1.1763516696559916e-7
6.723809069485449	1.2104510684085058e-7
6.7303701219970655	1.218334670993271e-7
6.736931174508683	1.2260259260187152e-7
6.750053279531917	1.2408282947640572e-7
6.7762974895783845	1.2681292685054208e-7
6.782858542090001	1.274489683576296e-7
6.789419594601618	1.2806729181297346e-7
6.802541699624852	1.292527993390844e-7
6.8287859096713195	1.314302405665377e-7
6.835346962182936	1.3193542727423055e-7
6.841908014694553	1.3242494270677345e-7
6.855030119717787	1.333565240455633e-7
6.861591172229404	1.337984065175827e-7
6.868152224741021	1.3422432566930972e-7
6.881274329764255	1.350287736789262e-7
6.887835382275872	1.3540782119880615e-7
6.89439643478749	1.3577192156647333e-7
6.907518539810724	1.3645713013493363e-7
6.914079592322341	1.3677917224075254e-7
6.9206406448339575	1.3708805646147097e-7
6.933762749857191	1.3766747979088298e-7
6.940323802368808	1.37938311309553e-7
6.946884854880425	1.3819657616799975e-7
6.953445907392042	1.3844218772957918e-7
6.960006959903659	1.3867501712622437e-7
6.966568012415276	1.388949319156604e-7
6.973129064926892	1.391018375498606e-7
6.986251169950126	1.3947662243797554e-7
6.992812222461743	1.3964475348312677e-7
6.99937327497336	1.3980038711291685e-7
7.005934327484977	1.3994389387375346e-7
7.012495379996594	1.4007570147013928e-7
7.0190564325082105	1.401962583633023e-7
7.025617485019827	1.4030599286964183e-7
7.032178537531445	1.4040527644292077e-7
7.038739590043062	1.4049439358128574e-7
7.045300642554679	1.4057352313613658e-7
7.051861695066297	1.4064273505385487e-7
7.0584227475779135	1.4070199979380744e-7
7.06498380008953	1.40751212022853e-7
7.071544852601147	1.407902245760236e-7
7.078105905112764	1.4081888679803346e-7
7.084666957624381	1.4083708394283358e-7
7.091228010135998	1.4084477093423073e-7
7.097789062647615	1.4084199747129355e-7
7.104350115159232	1.4082891848449317e-7
7.1109111676708485	1.4080579206028274e-7
7.117472220182465	1.4077296194710232e-7
7.124033272694082	1.4073082919092896e-7
7.130594325205699	1.4067981532906587e-7
7.137155377717316	1.406203235846358e-7
7.143716430228933	1.405527012237999e-7
7.149836804821276	1.4048252360427923e-7
7.155957179413619	1.4040563217127986e-7
7.162077554005962	1.4032207711924243e-7
7.168197928598305	1.4023183227064757e-7
7.174318303190648	1.401348111505058e-7
7.180438677782991	1.4003088777409098e-7
7.192679426967676	1.3980179395498048e-7
7.198799801560019	1.3967641663211751e-7
7.204920176152362	1.3954376977835716e-7
7.217160925337048	1.3925696134024692e-7
7.223281299929391	1.3910314110395416e-7
7.229401674521734	1.3894271512247472e-7
7.24164242370642	1.3860329663104032e-7
7.247762798298763	1.3842493771596006e-7
7.253883172891106	1.3824118658278822e-7
7.266123922075792	1.3785827444094082e-7
7.290605420445163	1.370319169085308e-7
7.296725795037506	1.3681222026676538e-7
7.302846169629849	1.3658700159422353e-7
7.315086918814535	1.3611962758934223e-7
7.339568417183907	1.3511830044123183e-7
7.34568879177625	1.348551688513369e-7
7.351809166368593	1.3458748206021776e-7
7.364049915553279	1.3403960441263125e-7
7.38853141392265	1.3289906779999057e-7
7.437494410661394	1.3043129172008448e-7
7.443614785253737	1.3010385433667065e-7
7.44973515984608	1.297725007662478e-7
7.461975909030765	1.2909911257147398e-7
7.486457407400136	1.2771711500287144e-7
7.53542040413888	1.2482885920120487e-7
7.542056733425964	1.244226357682073e-7
7.548693062713047	1.240126722233789e-7
7.561965721287216	1.231822442626771e-7
7.58851103843555	1.2148795630072587e-7
7.641601672732222	1.180064321270289e-7
7.747782941325564	1.1066290554028596e-7
7.960145478512249	9.524605077682104e-8
8.356667166052082	6.724902582152734e-8
8.362741017038623	6.68464713291829e-8
8.368814868025165	6.644541300417778e-8
8.380962569998246	6.56482316843069e-8
8.405257973944408	6.407319716537473e-8
8.453848781836736	6.09708397042788e-8
8.551030397621389	5.4998815313641417e-8
8.55710424860793	5.463527708764529e-8
8.56317809959447	5.427259152463934e-8
8.575325801567553	5.355042012827969e-8
8.599621205513717	5.212401378877282e-8
8.648212013406043	4.935190914875237e-8
8.745393629190698	4.404298914158569e-8
8.75198343487198	4.369728558509256e-8
8.758573240553261	4.335277159397526e-8
8.771752851915824	4.2666762786486984e-8
8.798112074640953	4.13075538648576e-8
8.850830520091208	3.867684811775709e-8
8.956267410991718	3.3719326410046324e-8
8.962857216673	3.3424741969004246e-8
8.96944702235428	3.313174834658483e-8
8.982626633716844	3.254962448184795e-8
9.008985856441972	3.139742366792264e-8
9.061704301892227	2.916507357616908e-8
9.167141192792736	2.500394536016602e-8
9.173290320554742	2.4774111258328915e-8
9.17943944831675	2.4545934608445272e-8
9.191737703840765	2.4093887134881385e-8
9.216334214888796	2.320213841975477e-8
9.265527236984859	2.14636018109986e-8
9.363913281176984	1.8241878708535192e-8
9.370062408938992	1.804939832089538e-8
9.376211536701	1.7858508581007973e-8
9.388509792225015	1.7481776129675032e-8
9.413106303273047	1.6747096236432242e-8
9.46229932536911	1.5322640926473258e-8
9.560685369561234	1.2688107228287296e-8
9.567549654284289	1.2513088880924776e-8
9.574413939007343	1.2339029662172124e-8
9.588142508453453	1.1994715441048832e-8
9.615599647345672	1.132673190852064e-8
9.670513925130109	1.0060769247105354e-8
9.677378209853163	9.906016824315009e-9
9.684242494576218	9.752080640961815e-9
9.697971064022328	9.447541232351139e-9
9.725428202914546	8.857440880792947e-9
9.780342480698984	7.744302037322737e-9
9.787206765422038	7.608337875952137e-9
9.794071050145092	7.473051891280363e-9
9.807799619591203	7.205349475652555e-9
9.835256758483421	6.687223653403969e-9
9.890171036267859	5.714976376576357e-9
9.897035320990913	5.5963315445531694e-9
9.903899605713967	5.478234167623393e-9
9.917628175160077	5.244458582199293e-9
9.945085314052296	4.792476733034767e-9
9.95194959877535	4.683399720828169e-9
9.958813883498406	4.575797139230305e-9
9.972542452944516	4.364225628019497e-9
9.97940673766757	4.259780183647234e-9
9.986271022390625	4.155925101018837e-9
9.993135307113679	4.052492620719005e-9
9.999999591836735	3.949393196457434e-9