-19.99999918367347	-1.6923180494433053e-8
-19.987731283678343	-1.698678859076222e-8
-19.97546338368322	-1.7050401212768095e-8
-19.950927583692973	-1.7178253161082176e-8
-19.90185598371248	-1.743851600142089e-8
-19.803712783751486	-1.7957663752494676e-8
-19.607426383829505	-1.896048829996399e-8
-19.595158483834382	-1.9021723187675685e-8
-19.58289058383926	-1.908226685129119e-8
-19.558354783849012	-1.9201550348867114e-8
-19.509283183868515	-1.9436861011857577e-8
-19.411139983907525	-1.991297655002007e-8
-19.214853583985544	-2.0794739355044396e-8
-19.20155377460094	-2.085322857469686e-8
-19.188253965216333	-2.0911126218190607e-8
-19.161654346447122	-2.1024345551621734e-8
-19.1084551089087	-2.1238543773281424e-8
-19.002056633831852	-2.1645920919078666e-8
-18.988756824447243	-2.1696347087609173e-8
-18.975457015062638	-2.1746217406448318e-8
-18.948857396293427	-2.1843374374682853e-8
-18.895658158755005	-2.2023791538313547e-8
-18.78925968367816	-2.2350649601498435e-8
-18.775959874293555	-2.2390423913814378e-8
-18.76266006490895	-2.2429657570285574e-8
-18.73606044613974	-2.2505546520574377e-8
-18.722760636755133	-2.2541762363615866e-8
-18.709460827370528	-2.2576616095278806e-8
-18.682861208601313	-2.264207142393601e-8
-18.669561399216704	-2.2672800775562236e-8
-18.6562615898321	-2.27024027286667e-8
-18.629661971062887	-2.275907718188308e-8
-18.576462733524465	-2.2867123743598033e-8
-18.56316292413986	-2.289329513531198e-8
-18.549863114755254	-2.291890257351964e-8
-18.53656330537065	-2.2943722318737036e-8
-18.523263495986043	-2.2967508064245662e-8
-18.509963686601438	-2.2990023113532432e-8
-18.496663877216832	-2.301107185309311e-8
-18.483364067832227	-2.303052424216059e-8
-18.47006425844762	-2.3048333408384573e-8
-18.456764449063016	-2.306453908548431e-8
-18.44346463967841	-2.3079261225874767e-8
-18.430164830293805	-2.309268122492776e-8
-18.4168650209092	-2.3105015272827534e-8
-18.403565211524594	-2.3116482261590146e-8
-18.39026540213999	-2.3127271939985677e-8
-18.363665783370774	-2.3147269616460506e-8
-18.351247329824716	-2.315590496063634e-8
-18.33882887627866	-2.316398938070549e-8
-18.326410422732604	-2.3171373510146205e-8
-18.313991969186546	-2.317787012101266e-8
-18.301573515640488	-2.3183274251064104e-8
-18.28915506209443	-2.3187387524371134e-8
-18.276736608548372	-2.319004006596896e-8
-18.264318155002314	-2.3191110008497634e-8
-18.251899701456257	-2.3190536384883748e-8
-18.2394812479102	-2.3188325703050842e-8
-18.22706279436414	-2.3184549067687896e-8
-18.214644340818083	-2.3179332655207975e-8
-18.202225887272025	-2.3172840778185044e-8
-18.189807433725967	-2.3165254616885206e-8
-18.17738898017991	-2.3156748746181247e-8
-18.16497052663385	-2.3147468488087138e-8
-18.152552073087794	-2.3137510509255426e-8
-18.140133619541736	-2.3126910013784863e-8
-18.127715165995678	-2.3115634147042805e-8
-18.11529671244962	-2.3103584766669127e-8
-18.102878258903562	-2.3090608467380563e-8
-18.090459805357504	-2.3076513308096028e-8
-18.078041351811446	-2.3061090512405732e-8
-18.06562289826539	-2.3044137844891593e-8
-18.05320444471933	-2.3025482696501995e-8
-18.040785991173273	-2.3005001174424694e-8
-18.028367537627215	-2.298263129937514e-8
-18.015949084081157	-2.2958379265834022e-8
-18.0035306305351	-2.2932316665730777e-8
-17.99111217698904	-2.2904570821371747e-8
-17.966275269896926	-2.2844706255159553e-8
-17.953856816350868	-2.2812944361697007e-8
-17.94143836280481	-2.278016567633205e-8
-17.916601455712694	-2.2711876801343248e-8
-17.904183002166636	-2.267636294885078e-8
-17.89176454862058	-2.2639822128134313e-8
-17.866927641528463	-2.256298890990693e-8
-17.854509187982405	-2.2522287151591214e-8
-17.842090734436347	-2.2479784901607847e-8
-17.81725382734423	-2.2388725659158986e-8
-17.804835373798173	-2.2339979599236056e-8
-17.792416920252116	-2.228907399588146e-8
-17.76758001316	-2.218112834986158e-8
-17.755161559613942	-2.2124382260697156e-8
-17.742743106067884	-2.2066025342712143e-8
-17.71790619897577	-2.19451473577521e-8
-17.668232384791537	-2.1688779619716617e-8
-17.65581393124548	-2.1621329126609093e-8
-17.64339547769942	-2.1552200764936996e-8
-17.618558570607306	-2.1408047221776506e-8
-17.568884756423078	-2.1091726273066852e-8
-17.556709903639558	-2.1008244179866742e-8
-17.54453505085604	-2.0922576441338714e-8
-17.520185345289	-2.0745326661611356e-8
-17.47148593415492	-2.037135317291966e-8
-17.4593110813714	-2.0274217010958495e-8
-17.44713622858788	-2.0175530205594587e-8
-17.42278652302084	-1.997286928510575e-8
-17.374087111886762	-1.9540888988845394e-8
-17.361912259103242	-1.942640520755795e-8
-17.349737406319726	-1.9309200191032494e-8
-17.325387700752685	-1.906687260464987e-8
-17.276688289618605	-1.855452911193184e-8
-17.179289467350447	-1.7436675384162673e-8
-17.167114614566927	-1.7286384488331835e-8
-17.15493976178341	-1.7133143448248844e-8
-17.13059005621637	-1.6817455042276996e-8
-17.08189064508229	-1.615023811983151e-8
-16.98449182281413	-1.4699172563585237e-8
-16.97231697003061	-1.4507051617059993e-8
-16.960142117247095	-1.4312010607024639e-8
-16.935792411680055	-1.3912361401802187e-8
-16.887093000545974	-1.3071745047499306e-8
-16.789694178277816	-1.1241861196716746e-8
-16.776487416104814	-1.0980529270565587e-8
-16.763280653931815	-1.071581272077838e-8
-16.73686712958581	-1.0175158117117777e-8
-16.6840400808938	-9.042012189116808e-9
-16.57838598350979	-6.567109842470914e-9
-16.565179221336788	-6.240823901713585e-9
-16.551972459163785	-5.9107941926400676e-9
-16.525558934817784	-5.2385787036382525e-9
-16.47273188612578	-3.8379316261508145e-9
-16.367077788741764	-7.967581113106637e-10
-16.35387102656876	-3.966268103880455e-10
-16.340664264395762	7.713392424779641e-12
-16.314250740049758	8.297071181148641e-10
-16.26142369135775	2.534444902231104e-9
-16.155769593973737	6.215210401293665e-9
-16.142562831800735	6.698732990513903e-9
-16.129356069627732	7.187049112435619e-9
-16.10294254528173	8.178441062036078e-9
-16.050115496589726	1.0226926885341679e-8
-15.94446139920571	1.4626332749787687e-8
-15.932135992871256	1.5164743246733066e-8
-15.919810586536803	1.57079481394006e-8
-15.895159773867896	1.6808736288957584e-8
-15.845858148530082	1.9071627460806302e-8
-15.747254897854454	2.3884845271035163e-8
-15.734929491519999	2.4514134200015144e-8
-15.722604085185546	2.5149104931670523e-8
-15.697953272516639	2.643555578449628e-8
-15.648651647178824	2.907431063995335e-8
-15.550048396503195	3.465415037628907e-8
-15.537722990168742	3.538272216223933e-8
-15.525397583834287	3.6118031398088796e-8
-15.500746771165382	3.7608135746024945e-8
-15.451445145827567	4.066264242601702e-8
-15.352841895151936	4.708839955603467e-8
-15.15563539380068	6.134674450211425e-8
-15.142278078076744	6.23815766911701e-8
-15.12892076235281	6.342632034492778e-8
-15.102206130904937	6.55456444016982e-8
-15.048776868009195	6.989952781749653e-8
-14.941918342217711	7.904369349825231e-8
-14.928561026493776	8.023054671210499e-8
-14.915203710769841	8.142807222872087e-8
-14.88848907932197	8.385555161973543e-8
-14.835059816426227	8.88375890680936e-8
-14.728201290634741	9.927930305908482e-8
-14.714843974910806	1.0063129778780064e-7
-14.70148665918687	1.0199466465319132e-7
-14.674772027739	1.0475622510954863e-7
-14.621342764843256	1.1041779602010814e-7
-14.514484239051772	1.2226051853556687e-7
-14.300767187468804	1.4818682646033443e-7
-14.287653472507406	1.498755681186739e-7
-14.274539757546009	1.5157637414485578e-7
-14.248312327623214	1.5501530545804676e-7
-14.195857467777625	1.6204552816163366e-7
-14.090947748086444	1.76684722559637e-7
-13.881128308704085	2.0835184434396547e-7
-13.868014593742688	2.104373379216819e-7
-13.85490087878129	2.1253535972847641e-7
-13.828673448858495	2.1677024456077248e-7
-13.776218589012904	2.2540261318347967e-7
-13.671308869321724	2.433081671270477e-7
-13.461489429939364	2.816285493882978e-7
-13.449257070816515	2.839666980194685e-7
-13.437024711693667	2.8631565699685545e-7
-13.412559993447967	2.9104653136670573e-7
-13.363630556956569	3.006461609240908e-7
-13.265771683973774	3.2041821716684077e-7
-13.070053938008183	3.6209608666655954e-7
-12.678618446077	4.535273596508252e-7
-11.82970526128779	6.753383390966511e-7
-11.817322348614006	6.785984943361717e-7
-11.804939435940224	6.8185362794718e-7
-11.780173610592655	6.883481001722673e-7
-11.730641959897522	7.012631466230684e-7
-11.631578658507255	7.266663274198426e-7
-11.619195745833473	7.297922495737644e-7
-11.606812833159688	7.329063888665555e-7
-11.582047007812122	7.390987196492435e-7
-11.532515357116988	7.513315774740348e-7
-11.433452055726722	7.750553189939113e-7
-11.42106914305294	7.779378091874942e-7
-11.408686230379155	7.808002182993143e-7
-11.383920405031589	7.864637178089592e-7
-11.334388754336455	7.975376463843081e-7
-11.235325452946189	8.185460281556105e-7
-11.222942540272406	8.21049285859056e-7
-11.210559627598622	8.235226415572588e-7
-11.185793802251055	8.283774932046906e-7
-11.136262151555922	8.377080099181144e-7
-11.037198850165655	8.547280666961268e-7
-11.02505953825441	8.566467186717046e-7
-11.012920226343166	8.585256187753645e-7
-10.988641602520675	8.621607843461434e-7
-10.940084354875694	8.689217560974537e-7
-10.92794504296445	8.705026705783762e-7
-10.915805731053203	8.720387973549376e-7
-10.891527107230711	8.749741513521328e-7
-10.84296985958573	8.802737904425526e-7
-10.830830547674484	8.814736780649729e-7
-10.81869123576324	8.826212198687414e-7
-10.79441261194075	8.847545575705468e-7
-10.782273300029505	8.857381319051557e-7
-10.770133988118259	8.866649618152842e-7
-10.745855364295767	8.883448905944863e-7
-10.733716052384523	8.890964433147172e-7
-10.721576740473278	8.897881158568752e-7
-10.709437428562033	8.904192263072333e-7
-10.697298116650787	8.909890701373554e-7
-10.68515880473954	8.914968836971156e-7
-10.673019492828296	8.919418178573445e-7
-10.66088018091705	8.92322916494269e-7
-10.648740869005806	8.926391085723834e-7
-10.636601557094561	8.928892101038691e-7
-10.624462245183315	8.930719397957481e-7
-10.612322933272068	8.931859432373291e-7
-10.600183621360824	8.93229825350838e-7
-10.588044309449579	8.932021849291992e-7
-10.575904997538334	8.931016507109232e-7
-10.56376568562709	8.929269106119591e-7
-10.551626373715843	8.92676733426588e-7
-10.539487061804596	8.923499811821286e-7
-10.527347749893352	8.91945606992176e-7
-10.515208437982107	8.914626430043467e-7
-10.503069126070862	8.909001764353756e-7
-10.490929814159617	8.902573186879272e-7
-10.478790502248371	8.895331695779979e-7
-10.466651190337124	8.887267811995831e-7
-10.45451187842588	8.878371266599166e-7
-10.442372566514635	8.868630752281196e-7
-10.43023325460339	8.85803379309319e-7
-10.418093942692146	8.846566719966626e-7
-10.405954630780899	8.834214779443684e-7
-10.393815318869652	8.820962350455505e-7
-10.381676006958408	8.806793245669567e-7
-10.357397383135918	8.775639535600987e-7
-10.345258071224674	8.758622902255648e-7
-10.333118759313427	8.740626120443518e-7
-10.308840135490936	8.701636491257575e-7
-10.296700823579691	8.680618096834552e-7
-10.284561511668446	8.65856816752821e-7
-10.260282887845955	8.611328378912283e-7
-10.247111666545226	8.583922721454356e-7
-10.2339404452445	8.555246360646584e-7
-10.207598002643046	8.494010753538561e-7
-10.194426781342319	8.461411929225838e-7
-10.181255560041592	8.427463333799233e-7
-10.154913117440138	8.35542229792681e-7
-10.141741896139411	8.317281215866511e-7
-10.128570674838684	8.277694181183264e-7
-10.102228232237229	8.194090202068266e-7
-10.04954334703432	8.008585086961904e-7
-10.036372125733592	7.958287570143992e-7
-10.023200904432866	7.90638493951782e-7
-9.99685846183141	7.797684553085904e-7
-9.9441735766285	7.560054172482388e-7
-9.931002355327774	7.496278990366758e-7
-9.917831134027047	7.430700614242189e-7
-9.891488691425591	7.29402282342755e-7
-9.838803806222682	6.99786211459286e-7
-9.825632584921955	6.918933844468821e-7
-9.812461363621228	6.83800590743326e-7
-9.786118921019773	6.670059298805241e-7
-9.733434035816863	6.309079701204902e-7
-9.720262814516136	6.213437959501775e-7
-9.70709159321541	6.115573594506641e-7
-9.680749150613956	5.913045759524393e-7
-9.628064265411046	5.479917205063276e-7
-9.614893044110318	5.365617420152995e-7
-9.60172182280959	5.248856451438755e-7
-9.575379380208137	5.007843790145517e-7
-9.52269449500523	4.495041983679747e-7
-9.41732472459941	3.3385991261632293e-7
-9.405034859137231	3.191702857177655e-7
-9.392744993675052	3.042199585834932e-7
-9.368165262750694	2.7352693550725414e-7
-9.319005800901976	2.088970677279726e-7
-9.306715935439797	1.9204707124849595e-7
-9.294426069977618	1.7491376789504307e-7
-9.26984633905326	1.3978363771823286e-7
-9.220686877204542	6.597132726650849e-8
-9.208397011742363	4.6758095713357015e-8
-9.196107146280184	2.7234202301761108e-8
-9.171527415355825	-1.2758024736852908e-8
-9.122367953507108	-9.66052170216576e-8
-9.024049029809674	-2.804905287364084e-7
-9.011759164347495	-3.050669147588135e-7
-8.999469298885316	-3.30009942677424e-7
-8.974889567960957	-3.8101111684904075e-7
-8.92573010611224	-4.875751652633144e-7
-8.827411182414806	-7.19761467172131e-7
-8.815121316952627	-7.506492377619585e-7
-8.802831451490448	-7.819659723600891e-7
-8.77825172056609	-8.459042293994419e-7
-8.729092258717372	-9.791205813887518e-7
-8.63077333501994	-1.2678295465985814e-6
-8.61745156016828	-1.309324402474593e-6
-8.60412978531662	-1.3514049796491752e-6
-8.577486235613296	-1.4373487802247197e-6
-8.52419913620665	-1.6165435711421782e-6
-8.417624937393363	-2.005491841118228e-6
-8.404303162541702	-2.0570907557142205e-6
-8.39098138769004	-2.1093733808587322e-6
-8.364337837986717	-2.2160175191440745e-6
-8.311050738580073	-2.437816295673299e-6
-8.204476539766784	-2.916931734172413e-6
-8.191154764915122	-2.980276505896496e-6
-8.177832990063461	-3.044411903774767e-6
-8.151189440360138	-3.1750841622377353e-6
-8.097902340953494	-3.446244742469283e-6
-7.991328142140205	-4.0294332407395735e-6
-7.978006367288543	-4.106297067436003e-6
-7.964684592436882	-4.184065783995614e-6
-7.93804104273356	-4.3423485967268496e-6
-7.884753943326915	-4.670116022596066e-6
-7.7781797445136265	-5.372150875822268e-6
-7.765101570424504	-5.462707671493802e-6
-7.75202339633538	-5.55425089342719e-6
-7.725867048157134	-5.740325709304318e-6
-7.673554351800641	-6.124639067141583e-6
-7.568928959087657	-6.9435513081897784e-6
-7.555850784998533	-7.050761362964626e-6
-7.54277261090941	-7.159070163440667e-6
-7.516616262731164	-7.3790114761785805e-6
-7.464303566374672	-7.832388946494087e-6
-7.3596781736616865	-8.794693156647868e-6
-7.346599999572564	-8.920313450302975e-6
-7.333521825483441	-9.047138336083782e-6
-7.307365477305194	-9.304425704622504e-6
-7.255052780948702	-9.83372435200058e-6
-7.150427388235717	-0.000010952588036624439
-6.9411766028097475	-0.000013440192495585424
-6.928979784559172	-0.000013595741065873523
-6.916782966308597	-0.000013752467643670871
-6.892389329807447	-0.000014069460526953612
-6.843602056805147	-0.000014717642652720131
-6.7460275108005465	-0.000016071054705655847
-6.550878418791346	-0.000019005241663349093
-6.53868160054077	-0.00001919854101074261
-6.526484782290195	-0.00001939298510231585
-6.502091145789045	-0.0000197852856655236
-6.453303872786745	-0.000020583358508592295
-6.355729326782145	-0.000022231701087522073
-6.160580234772943	-0.000025718951151693526
-6.1473515071328855	-0.00002596347418345633
-6.134122779492829	-0.000026208908705771224
-6.107665324212714	-0.000026702412255464334
-6.054750413652487	-0.000027699197513722127
-5.94892059253203	-0.0000297248534401294
-5.737260950291118	-0.000033834115010349716
-5.724032222651061	-0.000034090077698421773
-5.710803495011004	-0.00003434559206068723
-5.68434603973089	-0.000034855015976038286
-5.631431129170662	-0.00003586552418648626
-5.525601308050206	-0.00003783607966019194
-5.512372580410149	-0.00003807602625453485
-5.499143852770092	-0.000038314252475689775
-5.472686397489978	-0.000038785154068179386
-5.41977148692975	-0.00003970189116896247
-5.313941665809294	-0.00004140987704860915
-5.301594294007785	-0.00004159603323976389
-5.289246922206276	-0.00004177906618984661
-5.264552178603258	-0.00004213530115327983
-5.2151626913972216	-0.000042805083321713604
-5.202815319595713	-0.00004296290407350238
-5.190467947794204	-0.00004311661278843734
-5.165773204191186	-0.00004341114590407889
-5.11638371698515	-0.00004394466573510222
-5.104036345183641	-0.0000440656027038541
-5.091688973382132	-0.00004418125182477189
-5.079341601580623	-0.00004429145248619449
-5.066994229779114	-0.00004439604100216037
-5.054646857977605	-0.00004449485053652226
-5.042299486176097	-0.000044587711002806556
-5.017604742573079	-0.000044754887379835125
-5.00525737077157	-0.00004482884569496264
-4.992909998970061	-0.000044896139468607614
-4.980562627168553	-0.0000449565803639718
-4.968215255367043	-0.000045009976019006435
-4.955867883565533	-0.000045056129963950975
-4.943520511764024	-0.00004509484156771035
-4.931173139962516	-0.000045125906006061
-4.918825768161007	-0.000045149114252147644
-4.906478396359498	-0.00004516425307889149
-4.894131024557989	-0.00004517110506448152
-4.88178365275648	-0.000045169448592497635
-4.869436280954971	-0.000045159057836450384
-4.857088909153461	-0.00004513970272178921
-4.844741537351952	-0.00004511114885971017
-4.832394165550443	-0.00004507315745195438
-4.820046793748935	-0.00004502548516767288
-4.807699421947426	-0.00004496788399596305
-4.795352050145917	-0.00004490010108443613
-4.783004678344408	-0.000044821878569354864
-4.770657306542899	-0.000044732953410076166
-4.758309934741391	-0.0000446330572353576
-4.745962562939882	-0.00004452191621061134
-4.733615191138373	-0.000044399250929714595
-4.721267819336863	-0.000044264776334022263
-4.708920447535354	-0.000044118201657985124
-4.696573075733845	-0.00004395923039412358
-4.684225703932336	-0.00004378756027205069
-4.671878332130827	-0.0000436028832420312
-4.6595309603293185	-0.00004340488545033485
-4.64718358852781	-0.000043193247200358244
-4.622488844924792	-0.00004272774091685955
-4.610141473123283	-0.000042473203559054715
-4.5977941013217745	-0.000042203686817591504
-4.573099357718756	-0.00004161830672488095
-4.560751985917246	-0.00004130172231727949
-4.5484046141157375	-0.000040968716008865647
-4.52370987051272	-0.00004025191727227706
-4.510330589321729	-0.00003983439759993636
-4.496951308130738	-0.00003939572726982033
-4.470192745748756	-0.00003845283925618713
-4.456813464557765	-0.00003794754680595293
-4.443434183366774	-0.00003741895401109408
-4.416675620984792	-0.00003628959693952917
-4.403296339793801	-0.000035687669344213274
-4.38991705860281	-0.000035060114373409994
-4.363158496220828	-0.00003372566722014726
-4.309641371456865	-0.000030721537332249055
-4.296262090265875	-0.000029896784070178317
-4.282882809074884	-0.00002904115710825614
-4.256124246692902	-0.00002723439686906637
-4.242744965501911	-0.000026281784350299514
-4.22936568431092	-0.000025295339355666663
-4.2026071219289385	-0.000023217829095180387
-4.1892278407379475	-0.00002212516419122096
-4.1758485595469566	-0.00002099546705996297
-4.149089997164975	-0.000018621602940440546
-4.095572872401011	-0.000013391441948598602
-4.08219359121002	-0.000011978074168546433
-4.068814310019029	-0.000010520477539324789
-4.042055747637047	-7.4686487399351555e-6
-3.9885386228730835	-7.896938092270889e-7
-3.975159341682093	1.0061259750457335e-6
-3.961780060491102	2.8545963562706894e-6
-3.93502149810912	6.714096697682756e-6
-3.881504373345156	0.000015116852080398016
-3.8681250921541652	0.000017367246823922803
-3.8547458109631743	0.000019680110189468933
-3.8279872485811923	0.000024498620000073656
-3.7744701238172285	0.00003494590318525606
-3.7610908426262375	0.000037734999470833016
-3.7477115614352465	0.00004059802190146521
-3.7209529990532646	0.00004655210744406216
-3.667435874289301	0.00005941796480842822
-3.6543001938608484	0.00006278064736617696
-3.641164513432395	0.00006622740467330374
-3.6148931525754895	0.00007338003599355244
-3.5623504308616782	0.00008877185762205179
-3.5492147504332254	0.00009285700987363599
-3.5360790700047726	0.0000970408927634522
-3.5098077091478666	0.00010571283956946472
-3.457264987434055	0.0001243314615864909
-3.444129307005602	0.00012926421878299267
-3.4309936265771492	0.0001343126735434382
-3.4047222657202436	0.00014476592220720572
-3.352179544006432	0.00016716493257454368
-3.339043863577979	0.00017309013714679857
-3.325908183149526	0.00017915068116344194
-3.2996368222926202	0.00019168848163085821
-3.247094100578809	0.00021850852930797166
-3.233958420150356	0.00022559372270244412
-3.2208227397219034	0.00023283694224140541
-3.1945513788649977	0.0002478098011471499
-3.142008657151186	0.00027979076176878025
-3.1288729767227332	0.00028822935029370646
-3.11573729629428	0.0002968521482637918
-3.0894659354373744	0.00031466460491184726
-3.036923213723563	0.00035266015375536334
-3.0237875332951103	0.00036267518638718327
-3.0106518528666575	0.00037290458052126503
-2.984380492009752	0.0003940228200237667
-2.93183777029594	0.00043901575587840247
-2.8267523268683172	0.0005410409207466348
-2.8144980022784125	0.0005540701050361606
-2.802243677688508	0.0005673503013296638
-2.777735028508698	0.000594681160777537
-2.7287177301490786	0.0006525506432472836
-2.716463405559174	0.000667713354361138
-2.704209080969269	0.0006831637683727687
-2.6797004317894593	0.0007149474317925883
-2.63068313342984	0.0007821884412933522
-2.6184288088399352	0.0007997946008324631
-2.6061744842500305	0.000817729914897326
-2.5816658350702206	0.0008546102339701675
-2.5326485367106013	0.0009325698592512824
-2.4346139399913627	0.0011066386385407481
-2.422359615401458	0.001130223007790334
-2.4101052908115532	0.0011542353900321056
-2.3855966416317433	0.0012035720315827165
-2.336579343272124	0.0013076928875073895
-2.3243250186822193	0.0013349007856264194
-2.3120706940923146	0.0013625948002716653
-2.2875620449125047	0.0014194720253225927
-2.2385447465528854	0.0015394045157815243
-2.2262904219629807	0.001570721933620733
-2.214036097373076	0.0016025896313852644
-2.189527448193266	0.001668009738939302
-2.1405101498336467	0.0018058310734117757
-2.042475553114408	0.002111411918394609
-2.029189319135021	0.0021560976913957853
-2.0159030851556343	0.0022016026934388506
-1.989330617196861	0.002295120574078845
-1.936185681279314	0.002492544517479092
-1.922899447299927	0.002544140052701494
-1.9096132133205403	0.002596657568412778
-1.8830407453617668	0.0027045114563912223
-1.8298958094442197	0.002931868667591114
-1.8166095754648328	0.0029912135166409413
-1.8033233414854462	0.003051587723161069
-1.7767508735266726	0.0031754788209439567
-1.7236059376091255	0.003436216094025675
-1.6173160657740313	0.004012630107878834
-1.6040298317946444	0.0040901124534430885
-1.5907435978152578	0.004168852636579505
-1.5641711298564842	0.004330175190449433
-1.5110261939389371	0.004668748290632879
-1.4977399599595502	0.00475685237624783
-1.4844537259801636	0.004846403287933725
-1.45788125802139	0.005030013263758258
-1.404736322103843	0.005416939802458403
-1.391450088124456	0.005518275450289531
-1.3781638541450694	0.005621695127740162
-1.3515913861862958	0.005835472029435962
-1.338305152206909	0.005946254658650688
-1.3250189182275223	0.006059982476223469
-1.2984464502687487	0.006297603815249575
-1.2851602162893618	0.006422300803872342
-1.2718739823099752	0.0065515614282551935
-1.2453015143512016	0.006826108179208835
-1.2320152803718147	0.00697274799749271
-1.2187290463924279	0.0071266615241378835
-1.1921565784336543	0.007459834861837796
-1.1797517002928157	0.007628662004837101
-1.167346822151977	0.007807087219850742
-1.1425370658702994	0.008196087545008102
-1.1301321877294606	0.008408274159114567
-1.1177273095886218	0.008633211294809416
-1.0929175533069444	0.009123405727878415
-1.0805126751661058	0.009389145754885368
-1.068107797025267	0.009668447832410276
-1.0432980407435894	0.010264465452889808
-0.9936785281802345	0.011544718142268522
-0.9812736500393957	0.011859215348457892
-0.968868771898557	0.012158216268654163
-0.9564638937577183	0.012432266465611443
-0.9440590156168795	0.012669970205102223
-0.9316541374760408	0.012857779670071727
-0.9192492593352021	0.012979788128284979
-0.9068443811943634	0.013017533211346338
-0.8944395030535246	0.01294981744807746
-0.8820346249126858	0.0127525541621504
-0.8696297467718471	0.01239864775554348
-0.8572248686310084	0.011857918220151052
-0.8448199904901696	0.011097080398805484
-0.8324151123493309	0.010079789012779589
-0.8200102342084922	0.008766760730982412
-0.8076053560676535	0.007115984527344188
-0.7952004779268147	0.005083031206566085
-0.7827955997859759	0.0026214722271162005
-0.7703907216451372	-0.00031658322834526853
-0.7579858435042985	-0.0037798256259823915
-0.7455809653634597	-0.007816951716549086
-0.733176087222621	-0.012475737881552984
-0.7207712090817823	-0.017801980763303554
-0.7083663309409436	-0.02383830935601508
-0.6959614528001048	-0.03062287677787673
-0.683556574659266	-0.03818794436629211
-0.6711516965184273	-0.046558375459204215
-0.6587468183775886	-0.055750061141548554
-0.6463419402367498	-0.06576830522302442
-0.633937062095911	-0.07660620062730325
-0.6215321839550724	-0.08824303405168785
-0.5967224276733949	-0.11375258915656389
-0.5843175495325561	-0.12750173827599062
-0.5719126713917174	-0.14180039202911687
-0.54710291511004	-0.1715874432679158
-0.5346980369692012	-0.1867956657467554
-0.5222931588283625	-0.20199323518418566
-0.497483402546685	-0.23157949093044145
-0.48507852440584626	-0.24553611344632337
-0.4726736462650075	-0.25862189312765055
-0.4602687681241688	-0.2705869536000463
-0.44786388998333004	-0.2811732097940327
-0.4354590118424913	-0.2901180877447567
-0.42305413370165257	-0.29715868444531734
-0.41064925556081383	-0.3020363146847248
-0.3982443774199751	-0.3045013774352572
-0.3860831000416744	-0.3043489508362145
-0.3739218226633737	-0.30144773521546087
-0.361760545285073	-0.2956167488037756
-0.3495992679067723	-0.28670248055517517
-0.3374379905284716	-0.2745834453629075
-0.3252767131501709	-0.2591744600239014
-0.31311543577187023	-0.2404305298165262
-0.30095415839356954	-0.21835023729479433
-0.28879288101526884	-0.19297852955418685
-0.27663160363696815	-0.16440880784560902
-0.26447032625866745	-0.13278423397342065
-0.25230904888036676	-0.09829818128904876
-0.24014777150206607	-0.06119377406915824
-0.2279864941237654	-0.021762477342117857
-0.20366393936716404	0.06268844907604187
-0.19150266198886334	0.1069096330591135
-0.17934138461056265	0.1518702588399878
-0.15501882985396126	0.24207426072644114
-0.14285755247566057	0.2863059311353475
-0.13069627509735987	0.3292687364255479
-0.1063737203407585	0.40933839532634253
-0.0942124429624578	0.44545644554763386
-0.0820511655841571	0.47834446201659575
-0.06988988820585641	0.5075804446308644
-0.057728610827555725	0.5327849610590434
-0.04556733344925504	0.5536277854816363
-0.03340605607095434	0.5698337315108246
-0.02124477869265365	0.581187550212965
-0.009083501314352954	0.5875377840172616
0.0030777760639477385	0.5887994900711242
0.015239053442248431	0.5849557717022694
0.027400330820549122	0.5760580834021931
0.03956160819884982	0.5622253024357678
0.051722885577150504	0.5436415880585922
0.0638841629554512	0.5205530766325858
0.07604544033375189	0.4932634869343609
0.08820671771205259	0.462128733954219
0.10036799509035327	0.4275506708530338
0.11252927246865396	0.3899700969285925
0.13685182722525535	0.3077134841035515
0.18549693673845813	0.12904980593324586
0.19765821411675882	0.08440517617091892
0.20981949149505952	0.04073234931641201
0.2219807688733602	-0.0015331962899761378
0.2341420462516609	-0.04199188266065744
0.2463033236299616	-0.0802847561186289
0.2584646010082623	-0.11609729568381899
0.270625878386563	-0.14916226820760073
0.2827871557648637	-0.17926161533956897
0.2949484331431644	-0.20622737955109285
0.3071097105214651	-0.22994169739619752
0.31927098789976577	-0.25033590746075757
0.33143226527806646	-0.2673888376064889
0.34359354265636716	-0.2811243508091904
0.35575482003466785	-0.29160824086183545
0.3679160974129685	-0.29894457829487087
0.3800773747912692	-0.3032716129828065
0.3932705615590518	-0.30475865055568324
0.4064637483268344	-0.30314980401678937
0.41965693509461705	-0.2987202814480295
0.4328501218623997	-0.2917657000921468
0.4460433086301823	-0.28259506924611577
0.45923649539796496	-0.2715240820106611
0.4724296821657476	-0.2588688457559357
0.48562286893353024	-0.24494015893490537
0.4988160557013129	-0.23003841848448967
0.5120092424690955	-0.2144492183184937
0.5383956160046608	-0.18225550322713394
0.5515888027724434	-0.1661188125202611
0.5647819895402261	-0.15022663949564913
0.5911683630757913	-0.11983439338618529
0.6043615498435739	-0.10559880105358749
0.6175547366113566	-0.09213792108073929
0.6307479233791393	-0.07952275214672581
0.6439411101469219	-0.06780233630464962
0.6571342969147045	-0.057005621425672864
0.6703274836824872	-0.047143506433955096
0.6835206704502699	-0.03821099931022043
0.6967138572180525	-0.03018942361336563
0.709907043985835	-0.023048616133431288
0.7231002307536177	-0.01674906590056402
0.7362934175214004	-0.011243952806530927
0.749486604289183	-0.0064810522486007105
0.7626797910569656	-0.0024044802153857514
0.7758729778247483	0.0010437391248097339
0.789066164592531	0.0039222941836127845
0.8022593513603136	0.006289399513761285
0.8154525381280961	0.008201801018588438
0.8286457248958788	0.0097139668980055
0.8418389116636615	0.010877454530897293
0.8550320984314441	0.011740440466011859
0.8682252851992267	0.01234739848937616
0.8814184719670094	0.012738909297718495
0.8946116587347921	0.012951584559761815
0.9078048455025747	0.013018088004839713
0.9209980322703573	0.012967236548405297
0.93419121903814	0.012824165254110401
0.9473844058059226	0.012610541044961145
0.9605775925737052	0.012344811429754226
0.9737707793414878	0.012042476017518105
0.9869639661092705	0.011716370183513179
1.0133503396448358	0.011032584005715546
1.0265435264126184	0.010689806796466026
1.039736713180401	0.010353594998530625
1.0661230867159663	0.00971435485049031
1.079316273483749	0.009415499547134287
1.0925094602515317	0.009131928747671466
1.118895833787097	0.00861146197778883
1.1320890205548795	0.008373971918802051
1.145282207322662	0.008150786720963856
1.1716685808582274	0.007743783199916081
1.18486176762601	0.007558000683305956
1.1980549543937928	0.007382684574725934
1.224441327929358	0.00705954277751963
1.2367531588585927	0.006919664378204781
1.2490649897878272	0.006785781472634175
1.2736886516462964	0.006533617625156996
1.3229359753632348	0.00607809927401425
1.3352478062924695	0.005972153315365519
1.347559637221704	0.005868795223962359
1.3721832990801732	0.005668970300408971
1.4214306227971116	0.005292356284174106
1.4337424537263463	0.005202316165458368
1.4460542846555808	0.005113753824010761
1.47067794651405	0.004940824545688172
1.5199252702309884	0.004610528218047333
1.618419917664865	0.004006248775673904
1.6307317485940995	0.003935652727178777
1.6430435795233342	0.0038661095021033827
1.6676672413818032	0.0037301338461955165
1.7169145650987416	0.003470303272665027
1.7292263960279763	0.0034078050670415423
1.7415382269572108	0.003346268411963692
1.76616188881568	0.0032260356723336093
1.8154092125326184	0.0029966256048905675
1.8277210434618532	0.0029415126830981144
1.8400328743910876	0.002887273898510813
1.8646565362495569	0.002781375587084625
1.9139038599664953	0.0025795959991631095
2.012398507400372	0.0022137438987647148
2.025742247719089	0.002167824616143972
2.0390859880378054	0.00212273493699518
2.0657734686752383	0.0020349940597163686
2.119148429950104	0.0018689200750782922
2.1324921702688204	0.0018292907559068219
2.145835910587537	0.0017903933183819754
2.17252339122497	0.0017147474934866176
2.2258983524998364	0.001571732954683183
2.239242092818553	0.0015376387380220344
2.2525858331372692	0.0015041865298420717
2.2792733137747025	0.001439165675070221
2.3326482750495687	0.001316368423199164
2.439398197599301	0.00109754566228773
2.4527419379180175	0.0010725203175821763
2.466085678236734	0.0010479825484802016
2.4927731588741673	0.0010003357008017827
2.5461481201490335	0.0009105255660334585
2.55949186046775	0.0008891687255035679
2.5728356007864663	0.0008682346362426123
2.5995230814238997	0.0008276046222914987
2.652898042698766	0.0007510931860733316
2.6662417830174823	0.0007329134396636128
2.6795855233361987	0.0007150992687452729
2.706273003973632	0.0006805411904674263
2.759647965248498	0.0006155268236641353
2.8663978877982306	0.000500557539007896
2.8794980273544093	0.00048772423181088834
2.8925981669105876	0.000475152732369772
2.9187984460229446	0.00045077603391274756
2.9711990042476586	0.0004049584324032074
2.9842991438038373	0.0003940896032417953
2.9973992833600156	0.0003834463738261011
3.0235995624723726	0.00036282004698988315
3.0760001206970866	0.00032409522536625354
3.0891002602532653	0.0003149179758160941
3.1022003998094436	0.00030593480057999135
3.1284006789218006	0.00028853617228787303
3.1808012371465146	0.00025591177661596424
3.1939013767026934	0.00024818864117618787
3.2070015162588716	0.00024063216774035384
3.2332017953712286	0.00022600661924444487
3.2856023535959427	0.00019862009097944104
3.2987024931521214	0.00019214481967858368
3.3118026327082997	0.00018581243904718537
3.3380029118206567	0.00017356543953600772
3.3904034700453707	0.00015066878397785598
3.4035036096015494	0.0001452625862787743
3.4166037491577277	0.0001399786770176648
3.4428040282700847	0.00012976827948010854
3.4952045864947987	0.00011071342640175562
3.5083047260509774	0.00010622148188214431
3.5214048656071557	0.00010183401316287213
3.5476051447195127	0.00009336434246995395
3.6000057029442267	0.0000775909692456417
3.6131058425004055	0.00007387946707411897
3.6262059820565837	0.00007025704331648961
3.6524062611689407	0.00006327238162718153
3.7048068193936543	0.000050296255585304244
3.717025603111285	0.000047452176419986386
3.729244386828915	0.00004467412882529871
3.7536819542641764	0.00003931118899990166
3.802557089134698	0.00002932451653632633
3.814775872852328	0.000026975123248466058
3.826994656569959	0.00002468241197875411
3.8514322240052197	0.000020262732557433608
3.9003073588757413	0.000012057265035015144
3.9125261425933715	0.000010132111319130662
3.924744926311002	8.255508176679863e-6
3.949182493746263	4.644219069488358e-6
3.998057628616785	-2.035936586730531e-6
4.010276412334416	-3.5980507128944637e-6
4.022495196052046	-5.118677002745099e-6
4.046932763487307	-8.038714513353587e-6
4.095807898357829	-0.000013415880269894485
4.10802668207546	-0.000014668144446872983
4.12024546579309	-0.000015885056547498022
4.14468303322835	-0.0000182156378610715
4.156901816945981	-0.00001933068233145145
4.169120600663612	-0.000020413125820267775
4.193558168098873	-0.00002248282840780491
4.205776951816503	-0.000023471368208578813
4.217995735534133	-0.000024429868912972247
4.242433302969395	-0.000026259193551252114
4.291308437839916	-0.000029583627102012372
4.303527221557546	-0.00003034842172680574
4.315746005275177	-0.00003108778638760343
4.340183572710438	-0.0000324923369890498
4.352402356428069	-0.00003315855423245001
4.364621140145699	-0.000033801404507380686
4.3890587075809595	-0.000035018964349251064
4.40127749129859	-0.00003559463191185614
4.413496275016221	-0.000036148848959197816
4.437933842451482	-0.000037194755054438186
4.450152626169112	-0.000037687335813982314
4.462371409886742	-0.00003816024975318057
4.486808977322004	-0.000039048774930620076
4.500059670429117	-0.00003949955536487748
4.513310363536229	-0.000039929198287203677
4.539811749750454	-0.00004072707687615378
4.553062442857566	-0.00004109628963533217
4.566313135964679	-0.0000414463193753358
4.592814522178903	-0.000042090675355683106
4.606065215286016	-0.000042385900914005976
4.619315908393128	-0.00004266374265685861
4.6325666015002405	-0.000042924628062718326
4.645817294607353	-0.00004316897622762576
4.659067987714465	-0.00004339719809239844
4.6723186808215775	-0.000043609696624573384
4.698820067035802	-0.00004398909645910148
4.712070760142915	-0.00004415676482974549
4.725321453250027	-0.00004431024409029603
4.738572146357139	-0.000044449898628722874
4.751822839464252	-0.00004457608523118599
4.765073532571364	-0.000044689153139839885
4.778324225678476	-0.000044789444147388946
4.791574918785589	-0.00004487729273169611
4.804825611892701	-0.00004495302623094518
4.818076304999813	-0.0000450169650527236
4.831326998106926	-0.00004506942290643352
4.844577691214038	-0.00004511070704334928
4.8578283843211505	-0.00004514111848987791
4.871079077428263	-0.00004516095225694586
4.884329770535375	-0.000045170497514722754
4.897580463642488	-0.000045170037724516846
4.9108311567496	-0.00004515985072506973
4.924081849856712	-0.00004514020877918702
4.937332542963825	-0.00004511137858696475
4.950583236070937	-0.000045073621282749714
4.963833929178049	-0.000045027192426257655
4.977084622285162	-0.00004497234200876495
4.990335315392274	-0.000044909314484265384
5.003586008499386	-0.000044838348835824654
5.016836701606499	-0.000044759678683050415
5.030087394713611	-0.00004467353242704501
5.0433380878207235	-0.000044580133427755617
5.069839474034948	-0.00004437244662234935
5.0830901671420605	-0.00004425858211842654
5.096340860249173	-0.00004413831183757398
5.1228422464633985	-0.000043879353911549526
5.136092939570512	-0.00004374105617058026
5.149343632677624	-0.00004359713252437454
5.175845018891849	-0.00004329314332216904
5.228847791320298	-0.00004262552088914705
5.2420984844274106	-0.00004244716797787741
5.255349177534523	-0.000042264555862494245
5.281850563748748	-0.00004188716381168037
5.334853336177197	-0.00004108779135773236
5.347222673445762	-0.000040893428346222387
5.359592010714326	-0.00004069633744490644
5.384330685251454	-0.000040294390403456705
5.433808034325712	-0.000039462240913161906
5.532762732474227	-0.00003770549942648148
5.730672128771257	-0.00003396165419991158
5.743041466039822	-0.0000337221431564198
5.7554108033083855	-0.00003348231887979197
5.780149477845514	-0.000033001928970480135
5.829626826919772	-0.000032039515104184766
5.928581525068287	-0.00003011789021416158
6.126490921365316	-0.000026350908673015375
6.138616657871342	-0.000026125432411453972
6.150742394377369	-0.000025900708353035224
6.174993867389421	-0.0000254535916042126
6.223496813413526	-0.000024569176692525304
6.320502705461736	-0.000022843211353450866
6.514514489558158	-0.000019584925767800575
6.526640226064184	-0.000019390499806987507
6.53876596257021	-0.000019197200075063734
6.563017435582263	-0.000018813999812227974
6.611520381606368	-0.000018061314412613406
6.708526273654579	-0.000016611488027298448
6.902538057751	-0.000013937005016709594
6.9156957036465085	-0.000013766495978673188
6.928853349542017	-0.000013597359684530165
6.955168641333033	-0.000013263197913504499
7.0077992249150665	-0.00001261125216889432
7.113060392079133	-0.000011372073180767814
7.126218037974641	-0.000011223156658451278
7.139375683870149	-0.000011075554068517776
7.165690975661166	-0.00001078427303110533
7.218321559243199	-0.000010217278548812353
7.323582726407265	-9.144331446360801e-6
7.336740372302773	-9.015814586125354e-6
7.349898018198282	-8.888521511258088e-6
7.376213309989298	-8.637582787286019e-6
7.428843893571331	-8.150128746218285e-6
7.534105060735397	-7.231460473108332e-6
7.744627395063529	-5.606460032417989e-6
7.7569036851204896	-5.519974540103834e-6
7.769179975177449	-5.434362191019705e-6
7.7937325552913705	-5.2657333594000755e-6
7.842837715519211	-4.938701638734864e-6
7.941048035974893	-4.324300087140244e-6
7.9533243260318525	-4.251104350642531e-6
7.965600616088813	-4.1786891716785735e-6
7.9901531962027335	-4.036176237605198e-6
8.039258356430574	-3.7602580779656867e-6
8.137468676886256	-3.2436419154261917e-6
8.149744966943217	-3.182260917810372e-6
8.162021257000177	-3.121571039208567e-6
8.186573837114096	-3.0022410358524062e-6
8.235678997341939	-2.771618975648451e-6
8.33388931779762	-2.341345750701395e-6
8.34616560785458	-2.2903675022040767e-6
8.35844189791154	-2.239995659532594e-6
8.382994478025461	-2.141049503329108e-6
8.432099638253302	-1.9501944581671454e-6
8.530309958708983	-1.595490209484944e-6
8.543618158155425	-1.5500953216128521e-6
8.556926357601867	-1.505319645638945e-6
8.58354275649475	-1.417601683260483e-6
8.63677555428052	-1.2493234718059622e-6
8.743241149852057	-9.400380105869061e-7
8.7565493492985	-9.038269413671769e-7
8.769857548744941	-8.681431012652185e-7
8.796473947637827	-7.983358335803339e-7
8.849706745423596	-6.648070175592708e-7
8.956172340995133	-4.208600046144782e-7
8.969480540441577	-3.9243632614634834e-7
8.982788739888019	-3.644574991577918e-7
9.009405138780902	-3.0981604563903517e-7
9.06263793656667	-2.0566225958557928e-7
9.075946136013112	-1.806630720122427e-7
9.089254335459554	-1.560695457800132e-7
9.11587073435244	-1.0808035767512388e-7
9.169103532138209	-1.6770696719728125e-8
9.18241173158465	5.1076134180486055e-9
9.195719931031093	2.661398254144378e-8
9.222336329923976	6.852651009278747e-8
9.275569127709746	1.480667048675081e-7
9.382034723281283	2.9097657527076646e-7
9.394461566889177	3.0632388808201246e-7
9.406888410497071	3.214023988913205e-7
9.43174209771286	3.507636840653114e-7
9.481449472144437	4.063819981361497e-7
9.493876315752331	4.1965734945873415e-7
9.506303159360225	4.3268730179563467e-7
9.531156846576014	4.580236537696453e-7
9.58086422100759	5.058856852240099e-7
9.593291064615482	5.172814842680862e-7
9.605717908223376	5.284542835083455e-7
9.630571595439164	5.50139913753204e-7
9.680278969870741	5.909347346028365e-7
9.692705813478636	6.006106619326022e-7
9.70513265708653	6.100826494025765e-7
9.729986344302318	6.284257484783835e-7
9.779693718733895	6.62784619814288e-7
9.79212056234179	6.709044339434834e-7
9.804547405949684	6.788409055827796e-7
9.829401093165473	6.941719800827793e-7
9.87910846759705	7.227196792622543e-7
9.891535311204944	7.294271308321126e-7
9.903962154812838	7.35966828506996e-7
9.928815842028627	7.485518116723965e-7
9.978523216460202	7.718096571945954e-7
9.990950060068094	7.772394105632561e-7
10.003376903675989	7.825196802583967e-7
10.028230590891777	7.926395623386565e-7
10.040657434499671	7.974827309483586e-7
10.053084278107566	8.021835640261862e-7
10.077937965323354	8.11164345064234e-7
10.090364808931248	8.154473232196408e-7
10.102791652539143	8.19594106400471e-7
10.127645339754931	8.274858049996652e-7
10.177352714186508	8.417141157634083e-7
10.189535957031865	8.448964688864018e-7
10.201719199877221	8.479626016453226e-7
10.226085685567933	8.53753308570144e-7
10.238268928413287	8.564811536802762e-7
10.250452171258644	8.590993005506743e-7
10.274818656949357	8.640117342048207e-7
10.287001899794713	8.663084295251778e-7
10.29918514264007	8.685003102010375e-7
10.323551628330781	8.725742729829686e-7
10.335734871176136	8.744588139265211e-7
10.347918114021493	8.762435042056509e-7
10.372284599712206	8.795192200057137e-7
10.384467842557562	8.810133923205557e-7
10.396651085402919	8.824139598164171e-7
10.408834328248275	8.837225792308471e-7
10.42101757109363	8.849408765838264e-7
10.433200813938985	8.86070412229129e-7
10.445384056784341	8.871126528359328e-7
10.457567299629698	8.88068950976052e-7
10.469750542475055	8.889405377293971e-7
10.481933785320411	8.897285274813446e-7
10.494117028165768	8.904339355706633e-7
10.506300271011124	8.910577039197016e-7
10.518483513856479	8.916007362016064e-7
10.530666756701834	8.920639335017776e-7
10.54284999954719	8.924482311683495e-7
10.555033242392547	8.927546275031799e-7
10.567216485237903	8.929842055537671e-7
10.57939972808326	8.93138143207603e-7
10.591582970928616	8.932177095277538e-7
10.603766213773973	8.932242512358902e-7
10.615949456619328	8.931591670258959e-7
10.628132699464683	8.930238749061581e-7
10.640315942310039	8.928197766809198e-7
10.652499185155396	8.9254822196068e-7
10.664682428000752	8.922104780512654e-7
10.676865670846109	8.918077072776155e-7
10.689048913691465	8.913409558223026e-7
10.701232156536822	8.908111538291705e-7
10.713415399382177	8.902191294224253e-7
10.725598642227531	8.895656312176564e-7
10.737781885072888	8.8885136044492e-7
10.762148370763601	8.872432805187569e-7
10.774331613608958	8.863509515038247e-7
10.786514856454314	8.854008654978623e-7
10.810881342145025	8.833312709977462e-7
10.82306458499038	8.822139101229143e-7
10.835247827835737	8.810430554631599e-7
10.85961431352645	8.785456930143765e-7
10.871797556371806	8.772215568213226e-7
10.883980799217163	8.758486018441841e-7
10.908347284907874	8.729601275641111e-7
10.957080256289299	8.666341427647495e-7
10.970295408524137	8.647963690225358e-7
10.983510560758974	8.629076752369666e-7
11.00994086522865	8.589805822441723e-7
11.062801474168003	8.505554772832505e-7
11.168522692046707	8.316891471210619e-7
11.181737844281546	8.291607209837647e-7
11.194952996516383	8.265964507887108e-7
11.221383300986059	8.213623854842755e-7
11.274243909925412	8.104917379033946e-7
11.379965127804116	7.873605466415107e-7
11.393180280038955	7.843558065758101e-7
11.406395432273792	7.813275306653954e-7
11.432825736743467	7.75201590468011e-7
11.48568634568282	7.626846057987718e-7
11.591407563561525	7.367639493450692e-7
11.802849999318934	6.824023793174788e-7
11.815183795715225	6.791610243387855e-7
11.827517592111514	6.759146660303104e-7
11.852185184904094	6.694072827093112e-7
11.901520370489253	6.563355979902902e-7
12.000190741659573	6.300281959357654e-7
12.197531484000212	5.773824728796133e-7
12.592212968681492	4.750115979113771e-7
12.605578674467264	4.7166141767165243e-7
12.618944380253037	4.6832037980861635e-7
12.64567579182458	4.6166763942225714e-7
12.69913861496767	4.4849108258801246e-7
12.806064261253844	4.2266642544209684e-7
13.019915553826195	3.732322795169281e-7
13.033281259611966	3.7024689289693984e-7
13.046646965397738	3.672735040709859e-7
13.073378376969282	3.6136391629286706e-7
13.12684120011237	3.4970364043451253e-7
13.233766846398545	3.2704076683700775e-7
13.447618138970897	2.8428079036047177e-7
13.460740243994131	2.817714425419333e-7
13.473862349017367	2.79274495891893e-7
13.500106559063834	2.7431815029861813e-7
13.552594979156769	2.645624043325328e-7
13.657571819342639	2.4571229632073047e-7
13.867525499714382	2.1051535975373254e-7
13.880647604737616	2.0842807342059174e-7
13.89376970976085	2.063530762556556e-7
13.920013919807317	2.022393051831278e-7
13.972502339900252	1.9415785031064083e-7
14.077479180086124	1.7861850947007828e-7
14.287432860457866	1.499040800769034e-7
14.299673609642552	1.483272007652065e-7
14.311914358827238	1.4676057055415005e-7
14.33639585719661	1.4365703107599122e-7
14.385358853935353	1.3756448134929307e-7
14.48328484741284	1.258529960267477e-7
14.679136834367814	1.0430183052981918e-7
14.6913775835525	1.0303417550622468e-7
14.703618332737186	1.0177631483226734e-7
14.728099831106558	9.928953054613124e-8
14.7770628278453	9.442554838635399e-8
14.874988821322788	8.509866077153865e-8
15.07084080827776	6.80835510205401e-8
15.084113466851928	6.70032112881397e-8
15.097386125426095	6.593221981194435e-8
15.123931442574431	6.38191171510225e-8
15.1770220768711	5.971006114785342e-8
15.283203345464443	5.191515186829717e-8
15.296476004038611	5.097704375217867e-8
15.30974866261278	5.004725450502438e-8
15.336293979761114	4.821354116293241e-8
15.389384614057786	4.465304337565212e-8
15.495565882651128	3.792451727508664e-8
15.508838541225296	3.711619755505669e-8
15.522111199799465	3.6315205251125754e-8
15.5486565169478	3.4736083534016565e-8
15.60174715124447	3.167412261946143e-8
15.707928419837813	2.5912364048271135e-8
15.920290957024498	1.5686687933646516e-8
15.932682259760117	1.5140778740430024e-8
15.945073562495738	1.4599717875102316e-8
15.969856167966977	1.3532564567640744e-8
16.019421378909456	1.1462799884078847e-8
16.118551800794414	7.590145377153146e-9
16.130943103530033	7.128114172160743e-9
16.14333440626565	6.670352699659696e-9
16.168117011736893	5.767506744996484e-9
16.21768222267937	4.015211600396115e-9
16.31681264456433	7.491633702283451e-10
16.32920394729995	3.6211121026610144e-10
16.341595250035567	-2.093039110084849e-11
16.36637785550681	-7.756561439149767e-10
16.415943066449287	-2.2406129252319773e-9
16.515073488334245	-4.9668400416841285e-9
16.527464791069864	-5.2876600849585675e-9
16.539856093805483	-5.604534512697323e-9
16.564638699276724	-6.227391368958217e-9
16.614203910219203	-7.433970351192892e-9
16.713334332104164	-9.679395083193876e-9
16.725482034077245	-9.937058557518003e-9
16.73762973605033	-1.0190993129672449e-8
16.761925139996492	-1.0688441128697823e-8
16.810515947888817	-1.1647474194333152e-8
16.907697563673473	-1.3434209139009598e-8
16.919845265646554	-1.3643245015508565e-8
16.931992967619635	-1.3848786180759715e-8
16.956288371565797	-1.4249630792169399e-8
17.004879179458126	-1.5014944802251018e-8
17.102060795242778	-1.6432073319349366e-8
17.11420849721586	-1.6598154123272785e-8
17.12635619918894	-1.6761302461427985e-8
17.150651603135106	-1.7078445935236886e-8
17.199242411027434	-1.7677037692995223e-8
17.211390113000515	-1.7820081880601246e-8
17.223537814973596	-1.796089064021872e-8
17.24783321891976	-1.8236531644597737e-8
17.296424026812087	-1.876614554919588e-8
17.308571728785168	-1.88937962866155e-8
17.320719430758253	-1.90192699033552e-8
17.345014834704415	-1.9263012487197306e-8
17.39360564259674	-1.9718816508026288e-8
17.490787258381395	-2.052237813845656e-8
17.50396686974396	-2.0623429526200193e-8
17.517146481106522	-2.0722704372597993e-8
17.54350570383165	-2.0915238136895442e-8
17.556685315194212	-2.100807335991134e-8
17.569864926556775	-2.109834825857887e-8
17.596224149281905	-2.1270687622441508e-8
17.60940376064447	-2.135268210574741e-8
17.622583372007036	-2.1431990910279752e-8
17.648942594732162	-2.1583300485392143e-8
17.701661040182415	-2.1863436741598186e-8
17.71484065154498	-2.192988148628048e-8
17.728020262907542	-2.19949913950811e-8
17.75437948563267	-2.2120752747557468e-8
17.76755909699523	-2.218103422203105e-8
17.780738708357795	-2.2239296282138e-8
17.807097931082925	-2.234902275527126e-8
17.82027754244549	-2.240026559120062e-8
17.833457153808055	-2.2449080549352685e-8
17.859816376533182	-2.2539890369519672e-8
17.912534821983435	-2.2700352729227834e-8
17.925714433346	-2.2737346050530132e-8
17.93889404470856	-2.2773334220358224e-8
17.965253267433688	-2.2842133909177498e-8
17.97843287879625	-2.2874676951873882e-8
17.991612490158815	-2.2905719099242106e-8
18.017971712883945	-2.2962455315011024e-8
18.03115132424651	-2.2987810778833315e-8
18.044330935609075	-2.3011038876880746e-8
18.05751054697164	-2.3032153091424173e-8
18.0706901583342	-2.3051252000944045e-8
18.083869769696765	-2.306850759660516e-8
18.09704938105933	-2.3084144573724125e-8
18.11022899242189	-2.3098411587726617e-8
18.123408603784455	-2.3111549990201957e-8
18.136588215147018	-2.3123762802560593e-8
18.14976782650958	-2.31351899240167e-8
18.162947437872145	-2.314589067446953e-8
18.176127049234708	-2.3155838988777287e-8
18.18930666059727	-2.316492836332111e-8
18.202486271959835	-2.3172988761373248e-8
18.215665883322398	-2.317981239959889e-8
18.22884549468496	-2.3185183093505854e-8
18.242025106047524	-2.318890929341004e-8
18.255204717410088	-2.3190850369182378e-8
18.26838432877265	-2.319093903762129e-8
18.281563940135214	-2.3189191519258634e-8
18.294743551497778	-2.318570808870074e-8
18.30792316286034	-2.31806601986434e-8
18.321102774222908	-2.3174270557873786e-8
18.33428238558547	-2.3166783308554983e-8
18.346580641109483	-2.3159014554382032e-8
18.3588788966335	-2.3150656170735362e-8
18.38347540768153	-2.3132564838049957e-8
18.395773663205546	-2.3122875432522033e-8
18.40807191872956	-2.3112680954827294e-8
18.432668429777593	-2.309024463027342e-8
18.44496668530161	-2.3077667534766866e-8
18.457264940825624	-2.3063957198948826e-8
18.46956319634964	-2.3048972492222507e-8
18.481861451873655	-2.303261870361924e-8
18.49415970739767	-2.3014858999908775e-8
18.506457962921687	-2.2995720368266387e-8
18.531054473969718	-2.295371405490812e-8
18.543352729493733	-2.2931165590944075e-8
18.55565098501775	-2.2907841404611745e-8
18.58024749606578	-2.285959877922246e-8
18.629440518161843	-2.2759538515111644e-8
18.64173877368586	-2.2733687900168727e-8
18.654037029209874	-2.2707258708325878e-8
18.678633540257906	-2.2651973179471847e-8
18.727826562353968	-2.252812224289892e-8
18.740124817877984	-2.2494227364458497e-8
18.752423073402	-2.245933727776199e-8
18.77701958445003	-2.2387271494082872e-8
18.826212606546093	-2.223884445822985e-8
18.92459865073822	-2.192804010299563e-8
18.936896906262234	-2.188562889585393e-8
18.94919516178625	-2.1842167079351438e-8
18.97379167283428	-2.1752410832537143e-8
19.022984694930344	-2.1565995710808375e-8
19.12137073912247	-2.1187918295946864e-8
19.135099308568577	-2.113322551146584e-8
19.148827878014686	-2.1077469470947782e-8
19.176285016906906	-2.09625481243118e-8
19.231199294691343	-2.0722389294531435e-8
19.341027850260218	-2.023776670182463e-8
19.560684961397968	-1.9190306715984192e-8
19.574413530844076	-1.9123724651157886e-8
19.588142100290185	-1.9056432303167373e-8
19.615599239182405	-1.8919309886637238e-8
19.670513516966842	-1.8636914778254708e-8
19.780342072535717	-1.8076677106083124e-8
19.794070641981826	-1.8006955255448626e-8
19.807799211427934	-1.793667646387328e-8
19.835256350320154	-1.7793956459709933e-8
19.890170628104592	-1.7501204371567908e-8
19.9038991975507	-1.7427569863029575e-8
19.917627766996812	-1.735421250670735e-8
19.945084905889033	-1.7208902339366206e-8
19.95881347533514	-1.713702534259366e-8
19.97254204478125	-1.7065567887812865e-8
19.986270614227358	-1.6994359198748213e-8
19.99999918367347	-1.6923180494433053e-8